2  560 2896426 5172
22 1523 4258040 2795
13 5830 11858303 2034
19 7098 12382207 1744
20 2556 4356490 1704
26 4598 6916983 1504
9  2101 2839783 1351
23 661 873898 1322
7  9254 11617581 1255
6  2716 3396800 1250
18 1612 1946731 1207
0  22711 27081821 1192
12 1620 1859510 1147
14 1780 2005907 1126
4  757 785773 1038
8  572 581688 1016
16 1486 1471064 989
15 1907 1824415 956
10 4263 3860999 905
25 1140 970209 851
3  445 355448 798
1  2281 1804243 790
5  3132 2351937 750
11 3491 2615651 749
21 604 447124 740
24 750 453146 604
17 1359 803312 591