1 7
2 3
3 0
4 2
5 2
6 5
7 2
8 2
9 3
10 3
11 0
12 7
13 2
14 2
15 3
16 3
17 5
18 7
19 2
20 2
21 2
22 5
23 2
24 7
25 4
26 2
27 7
28 5
29 7
30 4
31 2
32 7
33 2
34 2
35 2
36 4
37 2
38 2
39 3
40 3
41 2
42 2
43 7
44 2
45 2
46 2
47 7
48 7
49 3
50 2
51 3
52 2
53 2
54 5
55 2
56 3
57 6
58 2
59 1
60 7
61 2
62 3
63 2
64 2
65 3
66 7
67 2
68 7
69 7
70 5
71 2
72 2
73 3
74 2
75 1
76 2
77 7
78 2
79 7
80 5
81 7
82 3
83 6
84 7
85 3
86 3
87 5
88 7
89 3
90 2
91 2
92 1
93 2
94 5
95 3
96 5
97 2
98 3
99 7
100 4
101 7
102 5
103 1
104 2
105 5
106 5
107 2
108 2
109 7
110 7
111 2
112 2
113 2
114 2
115 1
116 3
117 5
118 2
119 2
120 2
121 5
122 2
123 7
124 3
125 5
126 2
127 7
128 2
129 4
130 7
131 2
132 1
133 2
134 2
135 1
136 2
137 5
138 7
139 2
140 2
141 2
142 3
143 3
144 2
145 3
146 3
147 2
148 3
149 3
150 3
151 5
152 4
153 7
154 2
155 3
156 3
157 3
158 2
159 3
160 5
161 2
162 5
163 7
164 3
165 2
166 2
167 2
168 2
169 2
170 2
171 2
172 2
173 3
174 4
175 7
176 1
177 2
178 2
179 7
180 2
181 2
182 7
183 4
184 7
185 7
186 3
187 2
188 4
189 5
190 2
191 2
192 4
193 7
194 2
195 2
196 2
197 7
198 2
199 3
200 2
201 7
202 5
203 3
204 7
205 2
206 2
207 5
208 7
209 2
210 7
211 0
212 2
213 2
214 7
215 7
216 2
217 2
218 7
219 7
220 3
221 2
222 2
223 5
224 7
225 2
226 5
227 7
228 2
229 2
230 3
231 2
232 5
233 2
234 2
235 5
236 2
237 5
238 7
239 1
240 1
241 3
242 2
243 1
244 7
245 5
246 2
247 2
248 2
249 2
250 2
251 2
252 3
253 2
254 2
255 3
256 2
257 5
258 7
259 2
260 3
261 2
262 2
263 3
264 2
265 4
266 2
267 2
268 7
269 4
270 2
271 2
272 2
273 2
274 2
275 2
276 2
277 3
278 3
279 3
280 2
281 2
282 3
283 7
284 2
285 7
286 7
287 6
288 2
289 0
290 2
291 0
292 3
293 7
294 2
295 7
296 7
297 4
298 2
299 2
300 2
301 2
302 7
303 2
304 2
305 5
306 3
307 2
308 2
309 2
310 5
311 7
312 7
313 4
314 2
315 2
316 5
317 4
318 7
319 2
320 2
321 2
322 2
323 2
324 7
325 3
326 0
327 7
328 2
329 2
330 4
331 2
332 1
333 5
334 1
335 4
336 4
337 7
338 7
339 7
340 2
341 2
342 2
343 2
344 3
345 7
346 2
347 1
348 2
349 2
350 2
351 2
352 4
353 2
354 3
355 2
356 6
357 3
358 2
359 6
360 7
361 2
362 2
363 2
364 2
365 3
366 3
367 2
368 5
369 5
370 3
371 7
372 1
373 2
374 2
375 1
376 3
377 3
378 7
379 3
380 3
381 3
382 7
383 2
384 5
385 2
386 2
387 7
388 2
389 3
390 7
391 3
392 5
393 7
394 3
395 2
396 2
397 2
398 2
399 3
400 6
401 2
402 3
403 2
404 7
405 7
406 7
407 3
408 2
409 2
410 2
411 2
412 7
413 3
414 3
415 7
416 2
417 2
418 2
419 2
420 2
421 3
422 3
423 7
424 4
425 7
426 4
427 0
428 2
429 3
430 4
431 7
432 4
433 1
434 2
435 3
436 7
437 3
438 1
439 5
440 3
441 7
442 0
443 7
444 2
445 2
446 7
447 7
448 7
449 2
450 2
451 2
452 3
453 5
454 5
455 2
456 5
457 5
458 2
459 2
460 2
461 2
462 2
463 2
464 3
465 2
466 3
467 2
468 2
469 1
470 2
471 7
472 4
473 5
474 3
475 3
476 7
477 5
478 2
479 1
480 2
481 7
482 3
483 2
484 3
485 2
486 2
487 2
488 2
489 7
490 2
491 0
492 3
493 1
494 1
495 7
496 2
497 7
498 2
499 1
500 3
501 7
502 7
503 3
504 7
505 2
506 2
507 7
508 5
509 3
510 7
511 5
512 4
513 3
514 3
515 3
516 7
517 1
518 2
519 2
520 2
521 2
522 4
523 2
524 2
525 3
526 2
527 2
528 2
529 2
530 6
531 3
532 7
533 5
534 1
535 3
536 2
537 2
538 5
539 7
540 2
541 3
542 2
543 3
544 3
545 7
546 7
547 3
548 5
549 5
550 2
551 2
552 6
553 2
554 1
555 3
556 2
557 2
558 2
559 7
560 2
561 2
562 4
563 7
564 7
565 3
566 3
567 1
568 7
569 3
570 2
571 2
572 7
573 3
574 7
575 2
576 3
577 2
578 2
579 2
580 1
581 7
582 2
583 3
584 2
585 5
586 2
587 7
588 7
589 2
590 7
591 7
592 5
593 7
594 4
595 2
596 5
597 2
598 2
599 2
600 7
601 4
602 2
603 5
604 3
605 6
606 3
607 7
608 3
609 7
610 2
611 7
612 3
613 5
614 3
615 5
616 5
617 2
618 7
619 3
620 5
621 3
622 4
623 3
624 5
625 2
626 7
627 7
628 2
629 2
630 3
631 2
632 3
633 5
634 5
635 4
636 3
637 3
638 4
639 2
640 6
641 7
642 7
643 2
644 3
645 7
646 7
647 2
648 7
649 3
650 2
651 2
652 4
653 5
654 7
655 2
656 5
657 7
658 2
659 7
660 4
661 2
662 2
663 2
664 7
665 2
666 7
667 2
668 7
669 2
670 7
671 2
672 5
673 2
674 7
675 4
676 2
677 3
678 5
679 2
680 0
681 3
682 7
683 5
684 2
685 2
686 2
687 2
688 1
689 7
690 7
691 1
692 7
693 2
694 2
695 2
696 2
697 7
698 7
699 2
700 2
701 5
702 3
703 2
704 0
705 3
706 2
707 3
708 2
709 3
710 7
711 7
712 5
713 7
714 2
715 7
716 3
717 2
718 3
719 7
720 4
721 2
722 2
723 7
724 2
725 2
726 3
727 3
728 2
729 3
730 3
731 3
732 7
733 2
734 7
735 5
736 7
737 3
738 2
739 5
740 3
741 7
742 7
743 2
744 3
745 2
746 2
747 3
748 2
749 0
750 5
751 3
752 2
753 5
754 4
755 1
756 2
757 7
758 2
759 7
760 3
761 7
762 7
763 2
764 7
765 7
766 3
767 7
768 2
769 7
770 1
771 7
772 7
773 2
774 5
775 2
776 0
777 4
778 3
779 3
780 7
781 2
782 7
783 2
784 2
785 2
786 2
787 2
788 3
789 2
790 7
791 2
792 5
793 2
794 2
795 5
796 5
797 2
798 7
799 3
800 2
801 2
802 7
803 2
804 3
805 3
806 7
807 2
808 2
809 2
810 5
811 5
812 1
813 2
814 2
815 7
816 7
817 2
818 7
819 4
820 7
821 2
822 2
823 4
824 2
825 2
826 7
827 5
828 2
829 2
830 1
831 2
832 3
833 1
834 7
835 5
836 3
837 7
838 2
839 2
840 3
841 2
842 2
843 2
844 5
845 7
846 3
847 7
848 3
849 2
850 2
851 1
852 3
853 3
854 7
855 2
856 3
857 2
858 2
859 2
860 2
861 7
862 2
863 2
864 7
865 6
866 2
867 2
868 2
869 2
870 2
871 2
872 1
873 2
874 7
875 2
876 2
877 2
878 2
879 2
880 2
881 4
882 3
883 3
884 2
885 5
886 7
887 3
888 2
889 2
890 3
891 7
892 7
893 2
894 1
895 7
896 2
897 7
898 3
899 2
900 7
901 2
902 7
903 2
904 2
905 2
906 2
907 5
908 3
909 7
910 2
911 2
912 2
913 3
914 2
915 2
916 2
917 2
918 3
919 7
920 5
921 2
922 2
923 2
924 2
925 2
926 6
927 2
928 7
929 5
930 3
931 2
932 2
933 7
934 2
935 2
936 4
937 2
938 2
939 2
940 1
941 2
942 2
943 3
944 2
945 7
946 2
947 7
948 2
949 2
950 5
951 2
952 2
953 2
954 3
955 3
956 2
957 2
958 7
959 7
960 2
961 1
962 3
963 6
964 4
965 7
966 3
967 2
968 2
969 2
970 5
971 3
972 7
973 2
974 7
975 7
976 3
977 2
978 2
979 1
980 2
981 2
982 7
983 4
984 2
985 2
986 3
987 2
988 5
989 3
990 7
991 1
992 1
993 2
994 3
995 1
996 5
997 2
998 4
999 7
1000 2
1001 2
1002 1
1003 2
1004 2
1005 2
1006 7
1007 5
1008 2
1009 2
1010 2
1011 3
1012 2
1013 3
1014 4
1015 7
1016 7
1017 3
1018 4
1019 2
1020 3
1021 5
1022 2
1023 7
1024 2
1025 2
1026 2
1027 7
1028 7
1029 3
1030 2
1031 2
1032 7
1033 7
1034 1
1035 7
1036 2
1037 2
1038 7
1039 7
1040 2
1041 7
1042 2
1043 2
1044 2
1045 2
1046 7
1047 2
1048 1
1049 7
1050 2
1051 2
1052 2
1053 7
1054 2
1055 7
1056 4
1057 7
1058 5
1059 3
1060 2
1061 2
1062 7
1063 2
1064 5
1065 4
1066 2
1067 5
1068 3
1069 7
1070 1
1071 7
1072 7
1073 7
1074 2
1075 7
1076 7
1077 3
1078 1
1079 7
1080 2
1081 7
1082 3
1083 2
1084 3
1085 2
1086 1
1087 7
1088 2
1089 2
1090 2
1091 5
1092 7
1093 3
1094 3
1095 2
1096 5
1097 2
1098 4
1099 2
1100 2
1101 5
1102 3
1103 3
1104 2
1105 2
1106 2
1107 7
1108 7
1109 5
1110 7
1111 7
1112 2
1113 2
1114 3
1115 0
1116 7
1117 7
1118 2
1119 5
1120 7
1121 3
1122 2
1123 2
1124 7
1125 7
1126 7
1127 2
1128 2
1129 3
1130 7
1131 7
1132 5
1133 5
1134 3
1135 3
1136 2
1137 2
1138 5
1139 7
1140 7
1141 1
1142 7
1143 3
1144 2
1145 5
1146 2
1147 7
1148 2
1149 2
1150 2
1151 2
1152 7
1153 2
1154 7
1155 2
1156 7
1157 7
1158 7
1159 5
1160 1
1161 2
1162 4
1163 2
1164 7
1165 2
1166 2
1167 7
1168 3
1169 2
1170 4
1171 2
1172 1
1173 7
1174 7
1175 4
1176 3
1177 2
1178 2
1179 7
1180 7
1181 7
1182 2
1183 3
1184 5
1185 2
1186 7
1187 3
1188 2
1189 2
1190 2
1191 2
1192 6
1193 2
1194 2
1195 7
1196 2
1197 3
1198 3
1199 2
1200 2
1201 3
1202 2
1203 2
1204 3
1205 7
1206 2
1207 4
1208 2
1209 5
1210 2
1211 7
1212 7
1213 7
1214 3
1215 7
1216 2
1217 7
1218 7
1219 7
1220 7
1221 2
1222 1
1223 5
1224 2
1225 3
1226 2
1227 1
1228 2
1229 7
1230 7
1231 5
1232 2
1233 7
1234 2
1235 3
1236 2
1237 2
1238 2
1239 7
1240 2
1241 2
1242 1
1243 2
1244 3
1245 3
1246 3
1247 2
1248 2
1249 7
1250 7
1251 2
1252 7
1253 2
1254 2
1255 5
1256 5
1257 2
1258 2
1259 2
1260 3
1261 3
1262 7
1263 2
1264 2
1265 2
1266 4
1267 3
1268 2
1269 3
1270 2
1271 2
1272 7
1273 2
1274 3
1275 2
1276 2
1277 2
1278 3
1279 2
1280 2
1281 7
1282 3
1283 2
1284 5
1285 3
1286 5
1287 4
1288 2
1289 4
1290 3
1291 7
1292 3
1293 7
1294 7
1295 7
1296 2
1297 3
1298 1
1299 7
1300 7
1301 2
1302 6
1303 2
1304 2
1305 4
1306 7
1307 3
1308 7
1309 3
1310 2
1311 2
1312 7
1313 2
1314 2
1315 2
1316 2
1317 7
1318 2
1319 7
1320 7
1321 1
1322 3
1323 7
1324 7
1325 2
1326 2
1327 3
1328 2
1329 1
1330 2
1331 7
1332 3
1333 4
1334 5
1335 7
1336 7
1337 3
1338 7
1339 7
1340 2
1341 2
1342 3
1343 4
1344 2
1345 1
1346 2
1347 5
1348 2
1349 3
1350 2
1351 7
1352 3
1353 7
1354 2
1355 7
1356 1
1357 5
1358 2
1359 0
1360 2
1361 7
1362 2
1363 7
1364 7
1365 3
1366 2
1367 3
1368 2
1369 7
1370 2
1371 5
1372 2
1373 2
1374 7
1375 7
1376 2
1377 3
1378 7
1379 7
1380 3
1381 2
1382 2
1383 2
1384 7
1385 5
1386 5
1387 5
1388 5
1389 3
1390 2
1391 3
1392 5
1393 2
1394 5
1395 7
1396 2
1397 4
1398 3
1399 3
1400 7
1401 2
1402 5
1403 7
1404 3
1405 7
1406 2
1407 4
1408 7
1409 3
1410 3
1411 2
1412 7
1413 2
1414 3
1415 3
1416 2
1417 7
1418 2
1419 2
1420 1
1421 2
1422 5
1423 2
1424 3
1425 4
1426 2
1427 7
1428 7
1429 3
1430 2
1431 5
1432 2
1433 7
1434 4
1435 2
1436 2
1437 7
1438 3
1439 7
1440 2
1441 7
1442 5
1443 2
1444 0
1445 3
1446 2
1447 3
1448 2
1449 2
1450 7
1451 2
1452 2
1453 4
1454 7
1455 3
1456 7
1457 2
1458 3
1459 2
1460 5
1461 4
1462 2
1463 2
1464 2
1465 7
1466 2
1467 2
1468 2
1469 3
1470 5
1471 5
1472 1
1473 0
1474 2
1475 2
1476 7
1477 2
1478 3
1479 3
1480 7
1481 2
1482 7
1483 2
1484 2
1485 7
1486 2
1487 2
1488 1
1489 4
1490 2
1491 2
1492 7
1493 2
1494 2
1495 7
1496 2
1497 3
1498 2
1499 6
1500 2
1501 2
1502 5
1503 3
1504 1
1505 5
1506 3
1507 4
1508 3
1509 5
1510 2
1511 2
1512 0
1513 3
1514 7
1515 7
1516 2
1517 7
1518 1
1519 3
1520 6
1521 5
1522 7
1523 7
1524 3
1525 2
1526 7
1527 5
1528 2
1529 2
1530 7
1531 1
1532 2
1533 2
1534 3
1535 2
1536 7
1537 1
1538 7
1539 4
1540 7
1541 5
1542 3
1543 7
1544 2
1545 3
1546 1
1547 7
1548 7
1549 3
1550 3
1551 4
1552 2
1553 5
1554 5
1555 3
1556 3
1557 3
1558 3
1559 7
1560 2
1561 0
1562 0
1563 3
1564 2
1565 4
1566 7
1567 3
1568 1
1569 5
1570 7
1571 3
1572 1
1573 7
1574 2
1575 3
1576 5
1577 0
1578 5
1579 2
1580 7
1581 2
1582 3
1583 4
1584 5
1585 2
1586 2
1587 2
1588 3
1589 2
1590 5
1591 2
1592 3
1593 7
1594 7
1595 7
1596 7
1597 3
1598 5
1599 7
1600 5
1601 3
1602 7
1603 2
1604 7
1605 3
1606 4
1607 2
1608 3
1609 2
1610 2
1611 7
1612 3
1613 3
1614 7
1615 7
1616 3
1617 2
1618 3
1619 2
1620 7
1621 2
1622 6
1623 2
1624 2
1625 2
1626 3
1627 2
1628 7
1629 7
1630 3
1631 7
1632 2
1633 5
1634 1
1635 7
1636 7
1637 7
1638 2
1639 3
1640 2
1641 7
1642 2
1643 5
1644 2
1645 7
1646 7
1647 2
1648 2
1649 7
1650 5
1651 7
1652 7
1653 7
1654 2
1655 2
1656 3
1657 2
1658 2
1659 2
1660 2
1661 2
1662 3
1663 2
1664 2
1665 3
1666 2
1667 2
1668 4
1669 2
1670 2
1671 2
1672 2
1673 2
1674 7
1675 7
1676 2
1677 7
1678 5
1679 3
1680 2
1681 4
1682 2
1683 2
1684 2
1685 7
1686 2
1687 3
1688 2
1689 2
1690 1
1691 4
1692 7
1693 2
1694 1
1695 2
1696 2
1697 3
1698 2
1699 2
1700 2
1701 5
1702 6
1703 3
1704 4
1705 0
1706 2
1707 2
1708 3
1709 2
1710 0
1711 3
1712 3
1713 2
1714 3
1715 3
1716 2
1717 2
1718 2
1719 7
1720 7
1721 4
1722 7
1723 2
1724 7
1725 7
1726 5
1727 3
1728 7
1729 6
1730 3
1731 7
1732 7
1733 7
1734 4
1735 2
1736 5
1737 1
1738 7
1739 2
1740 5
1741 2
1742 2
1743 2
1744 2
1745 5
1746 7
1747 2
1748 7
1749 7
1750 3
1751 7
1752 3
1753 2
1754 2
1755 7
1756 2
1757 2
1758 4
1759 2
1760 2
1761 7
1762 7
1763 7
1764 7
1765 2
1766 7
1767 3
1768 7
1769 7
1770 2
1771 7
1772 5
1773 2
1774 2
1775 2
1776 7
1777 2
1778 7
1779 2
1780 2
1781 2
1782 7
1783 2
1784 7
1785 3
1786 3
1787 2
1788 5
1789 7
1790 2
1791 7
1792 2
1793 2
1794 2
1795 7
1796 0
1797 2
1798 3
1799 2
1800 4
1801 3
1802 2
1803 5
1804 2
1805 4
1806 2
1807 2
1808 2
1809 2
1810 2
1811 2
1812 3
1813 5
1814 2
1815 3
1816 7
1817 2
1818 2
1819 7
1820 2
1821 7
1822 2
1823 2
1824 7
1825 2
1826 3
1827 3
1828 7
1829 2
1830 7
1831 7
1832 2
1833 1
1834 3
1835 7
1836 2
1837 7
1838 2
1839 3
1840 2
1841 2
1842 5
1843 2
1844 7
1845 3
1846 7
1847 2
1848 5
1849 7
1850 2
1851 2
1852 1
1853 2
1854 7
1855 2
1856 7
1857 3
1858 2
1859 3
1860 4
1861 2
1862 7
1863 7
1864 7
1865 5
1866 2
1867 2
1868 2
1869 5
1870 6
1871 5
1872 7
1873 5
1874 5
1875 7
1876 2
1877 3
1878 7
1879 5
1880 5
1881 2
1882 5
1883 3
1884 5
1885 7
1886 2
1887 7
1888 5
1889 2
1890 7
1891 2
1892 3
1893 3
1894 2
1895 2
1896 2
1897 7
1898 2
1899 5
1900 2
1901 2
1902 6
1903 7
1904 5
1905 7
1906 2
1907 2
1908 5
1909 2
1910 3
1911 5
1912 3
1913 2
1914 7
1915 5
1916 1
1917 7
1918 3
1919 4
1920 1
1921 7
1922 7
1923 7
1924 1
1925 2
1926 7
1927 2
1928 2
1929 4
1930 2
1931 7
1932 1
1933 2
1934 7
1935 1
1936 3
1937 1
1938 2
1939 7
1940 1
1941 7
1942 5
1943 7
1944 7
1945 5
1946 2
1947 2
1948 2
1949 2
1950 5
1951 2
1952 2
1953 2
1954 5
1955 7
1956 2
1957 1
1958 2
1959 7
1960 5
1961 7
1962 3
1963 7
1964 7
1965 3
1966 7
1967 3
1968 2
1969 5
1970 2
1971 4
1972 2
1973 7
1974 5
1975 7
1976 3
1977 5
1978 2
1979 7
1980 1
1981 3
1982 5
1983 4
1984 2
1985 2
1986 4
1987 3
1988 3
1989 4
1990 2
1991 1
1992 3
1993 3
1994 7
1995 2
1996 3
1997 2
1998 2
1999 5
2000 2
2001 7
2002 4
2003 3
2004 3
2005 2
2006 2
2007 2
2008 2
2009 7
2010 2
2011 2
2012 1
2013 2
2014 7
2015 2
2016 7
2017 0
2018 2
2019 2
2020 7
2021 4
2022 2
2023 2
2024 3
2025 2
2026 2
2027 7
2028 2
2029 7
2030 2
2031 1
2032 2
2033 2
2034 2
2035 3
2036 3
2037 3
2038 3
2039 3
2040 5
2041 5
2042 2
2043 5
2044 2
2045 7
2046 3
2047 2
2048 2
2049 2
2050 5
2051 5
2052 2
2053 2
2054 4
2055 7
2056 7
2057 2
2058 2
2059 5
2060 4
2061 2
2062 1
2063 7
2064 2
2065 3
2066 7
2067 2
2068 1
2069 2
2070 2
2071 7
2072 5
2073 4
2074 2
2075 2
2076 7
2077 3
2078 2
2079 7
2080 7
2081 2
2082 3
2083 3
2084 3
2085 1
2086 3
2087 4
2088 3
2089 5
2090 2
2091 2
2092 7
2093 2
2094 2
2095 7
2096 2
2097 2
2098 3
2099 6
2100 1
2101 3
2102 2
2103 2
2104 3
2105 2
2106 7
2107 5
2108 2
2109 5
2110 2
2111 7
2112 7
2113 7
2114 7
2115 1
2116 2
2117 7
2118 7
2119 7
2120 3
2121 7
2122 2
2123 6
2124 2
2125 1
2126 3
2127 2
2128 4
2129 7
2130 4
2131 7
2132 2
2133 3
2134 2
2135 7
2136 2
2137 2
2138 4
2139 5
2140 4
2141 2
2142 5
2143 5
2144 2
2145 0
2146 2
2147 7
2148 4
2149 7
2150 2
2151 2
2152 5
2153 7
2154 1
2155 7
2156 3
2157 1
2158 2
2159 7
2160 2
2161 2
2162 2
2163 2
2164 2
2165 2
2166 2
2167 3
2168 5
2169 7
2170 2
2171 5
2172 4
2173 1
2174 7
2175 5
2176 2
2177 7
2178 2
2179 7
2180 7
2181 2
2182 3
2183 3
2184 3
2185 3
2186 2
2187 7
2188 3
2189 2
2190 7
2191 1
2192 2
2193 1
2194 2
2195 2
2196 7
2197 4
2198 2
2199 7
2200 7
2201 7
2202 2
2203 2
2204 1
2205 2
2206 4
2207 2
2208 3
2209 2
2210 2
2211 1
2212 2
2213 2
2214 5
2215 3
2216 2
2217 2
2218 2
2219 3
2220 1
2221 2
2222 7
2223 7
2224 7
2225 3
2226 2
2227 7
2228 2
2229 7
2230 2
2231 5
2232 7
2233 2
2234 3
2235 5
2236 5
2237 2
2238 2
2239 1
2240 3
2241 3
2242 1
2243 2
2244 2
2245 7
2246 6
2247 1
2248 3
2249 6
2250 7
2251 4
2252 1
2253 1
2254 1
2255 7
2256 3
2257 2
2258 7
2259 5
2260 7
2261 5
2262 3
2263 5
2264 2
2265 5
2266 3
2267 3
2268 2
2269 3
2270 7
2271 7
2272 7
2273 2
2274 7
2275 2
2276 2
2277 7
2278 0
2279 3
2280 2
2281 2
2282 7
2283 1
2284 2
2285 3
2286 2
2287 2
2288 2
2289 2
2290 3
2291 3
2292 3
2293 3
2294 3
2295 7
2296 7
2297 3
2298 2
2299 3
2300 2
2301 7
2302 7
2303 2
2304 3
2305 2
2306 3
2307 7
2308 2
2309 7
2310 2
2311 7
2312 2
2313 7
2314 2
2315 2
2316 3
2317 1
2318 5
2319 3
2320 1
2321 3
2322 3
2323 3
2324 3
2325 5
2326 7
2327 5
2328 1
2329 4
2330 7
2331 7
2332 2
2333 7
2334 2
2335 2
2336 2
2337 3
2338 3
2339 2
2340 2
2341 5
2342 5
2343 3
2344 3
2345 7
2346 7
2347 2
2348 3
2349 3
2350 2
2351 5
2352 7
2353 1
2354 2
2355 5
2356 2
2357 7
2358 1
2359 3
2360 7
2361 7
2362 7
2363 2
2364 7
2365 0
2366 7
2367 3
2368 2
2369 3
2370 7
2371 2
2372 7
2373 7
2374 3
2375 2
2376 7
2377 2
2378 7
2379 7
2380 3
2381 7
2382 4
2383 1
2384 1
2385 2
2386 3
2387 2
2388 7
2389 7
2390 2
2391 2
2392 7
2393 7
2394 7
2395 2
2396 7
2397 7
2398 1
2399 5
2400 3
2401 7
2402 2
2403 7
2404 3
2405 2
2406 1
2407 2
2408 2
2409 7
2410 3
2411 2
2412 7
2413 1
2414 3
2415 6
2416 2
2417 2
2418 3
2419 2
2420 2
2421 7
2422 7
2423 7
2424 3
2425 7
2426 5
2427 2
2428 3
2429 1
2430 2
2431 2
2432 2
2433 2
2434 7
2435 3
2436 2
2437 2
2438 7
2439 4
2440 2
2441 3
2442 2
2443 3
2444 2
2445 2
2446 5
2447 2
2448 7
2449 5
2450 3
2451 7
2452 5
2453 7
2454 7
2455 7
2456 7
2457 2
2458 1
2459 1
2460 7
2461 7
2462 2
2463 2
2464 3
2465 5
2466 3
2467 1
2468 5
2469 2
2470 2
2471 2
2472 7
2473 1
2474 2
2475 4
2476 1
2477 2
2478 3
2479 1
2480 2
2481 5
2482 7
2483 1
2484 2
2485 2
2486 3
2487 2
2488 3
2489 7
2490 3
2491 2
2492 7
2493 2
2494 3
2495 2
2496 3
2497 7
2498 2
2499 2
2500 2
2501 5
2502 6
2503 2
2504 3
2505 2
2506 7
2507 7
2508 7
2509 2
2510 7
2511 7
2512 3
2513 4
2514 2
2515 3
2516 7
2517 7
2518 5
2519 7
2520 2
2521 3
2522 2
2523 2
2524 2
2525 7
2526 2
2527 7
2528 5
2529 3
2530 2
2531 7
2532 5
2533 2
2534 2
2535 2
2536 6
2537 7
2538 2
2539 2
2540 1
2541 7
2542 2
2543 3
2544 7
2545 2
2546 3
2547 7
2548 2
2549 2
2550 5
2551 3
2552 1
2553 2
2554 2
2555 3
2556 2
2557 2
2558 2
2559 2
2560 7
2561 3
2562 5
2563 0
2564 3
2565 3
2566 1
2567 2
2568 1
2569 2
2570 3
2571 1
2572 3
2573 2
2574 7
2575 2
2576 2
2577 7
2578 7
2579 7
2580 2
2581 2
2582 5
2583 7
2584 2
2585 7
2586 7
2587 4
2588 2
2589 5
2590 6
2591 2
2592 2
2593 2
2594 2
2595 5
2596 2
2597 2
2598 7
2599 7
2600 7
2601 7
2602 2
2603 2
2604 2
2605 2
2606 7
2607 7
2608 3
2609 7
2610 2
2611 7
2612 2
2613 7
2614 1
2615 7
2616 2
2617 7
2618 2
2619 7
2620 7
2621 2
2622 2
2623 7
2624 2
2625 2
2626 2
2627 7
2628 2
2629 7
2630 4
2631 2
2632 3
2633 2
2634 1
2635 7
2636 2
2637 7
2638 7
2639 7
2640 7
2641 1
2642 7
2643 2
2644 2
2645 1
2646 7
2647 2
2648 2
2649 7
2650 6
2651 2
2652 2
2653 7
2654 1
2655 7
2656 3
2657 2
2658 7
2659 2
2660 1
2661 3
2662 7
2663 2
2664 2
2665 2
2666 7
2667 2
2668 2
2669 5
2670 2
2671 1
2672 5
2673 3
2674 3
2675 2
2676 3
2677 1
2678 2
2679 3
2680 7
2681 7
2682 2
2683 2
2684 2
2685 2
2686 3
2687 3
2688 3
2689 5
2690 1
2691 3
2692 7
2693 2
2694 4
2695 7
2696 2
2697 1
2698 2
2699 7
2700 3
2701 2
2702 5
2703 2
2704 7
2705 2
2706 2
2707 7
2708 7
2709 3
2710 4
2711 2
2712 3
2713 7
2714 3
2715 3
2716 7
2717 2
2718 2
2719 7
2720 5
2721 7
2722 1
2723 2
2724 3
2725 7
2726 7
2727 0
2728 7
2729 7
2730 5
2731 5
2732 2
2733 3
2734 2
2735 2
2736 2
2737 0
2738 1
2739 4
2740 7
2741 2
2742 2
2743 2
2744 3
2745 2
2746 3
2747 5
2748 2
2749 2
2750 2
2751 7
2752 7
2753 3
2754 2
2755 2
2756 4
2757 3
2758 7
2759 1
2760 3
2761 2
2762 3
2763 7
2764 2
2765 2
2766 7
2767 2
2768 3
2769 7
2770 2
2771 7
2772 4
2773 7
2774 5
2775 2
2776 7
2777 7
2778 2
2779 3
2780 2
2781 3
2782 7
2783 7
2784 7
2785 2
2786 2
2787 3
2788 3
2789 2
2790 2
2791 5
2792 3
2793 3
2794 7
2795 2
2796 7
2797 2
2798 7
2799 2
2800 7
2801 7
2802 7
2803 1
2804 5
2805 2
2806 5
2807 5
2808 2
2809 7
2810 2
2811 7
2812 5
2813 5
2814 2
2815 2
2816 1
2817 2
2818 5
2819 2
2820 2
2821 3
2822 2
2823 7
2824 7
2825 3
2826 7
2827 3
2828 7
2829 2
2830 6
2831 7
2832 3
2833 5
2834 2
2835 3
2836 4
2837 3
2838 3
2839 2
2840 7
2841 7
2842 2
2843 2
2844 3
2845 2
2846 7
2847 7
2848 2
2849 3
2850 1
2851 7
2852 7
2853 2
2854 5
2855 2
2856 7
2857 3
2858 7
2859 2
2860 3
2861 6
2862 6
2863 3
2864 2
2865 3
2866 2
2867 2
2868 0
2869 3
2870 7
2871 4
2872 0
2873 7
2874 5
2875 1
2876 2
2877 2
2878 7
2879 1
2880 3
2881 7
2882 3
2883 2
2884 7
2885 2
2886 2
2887 2
2888 7
2889 5
2890 3
2891 2
2892 7
2893 2
2894 2
2895 2
2896 7
2897 2
2898 2
2899 7
2900 2
2901 2
2902 7
2903 2
2904 3
2905 0
2906 3
2907 3
2908 7
2909 2
2910 2
2911 2
2912 2
2913 2
2914 3
2915 3
2916 2
2917 2
2918 1
2919 2
2920 0
2921 2
2922 3
2923 7
2924 5
2925 7
2926 2
2927 2
2928 7
2929 2
2930 2
2931 3
2932 3
2933 2
2934 3
2935 7
2936 7
2937 2
2938 7
2939 7
2940 2
2941 1
2942 7
2943 7
2944 3
2945 2
2946 7
2947 3
2948 7
2949 7
2950 2
2951 7
2952 2
2953 7
2954 7
2955 7
2956 6
2957 2
2958 2
2959 2
2960 2
2961 2
2962 5
2963 5
2964 1
2965 3
2966 7
2967 3
2968 3
2969 1
2970 3
2971 3
2972 7
2973 7
2974 5
2975 2
2976 1
2977 2
2978 2
2979 2
2980 2
2981 3
2982 7
2983 7
2984 3
2985 7
2986 3
2987 3
2988 3
2989 2
2990 2
2991 7
2992 2
2993 2
2994 2
2995 7
2996 7
2997 2
2998 7
2999 1
3000 7
3001 3
3002 7
3003 2
3004 2
3005 2
3006 7
3007 2
3008 3
3009 7
3010 2
3011 7
3012 7
3013 1
3014 7
3015 4
3016 6
3017 5
3018 6
3019 3
3020 5
3021 2
3022 5
3023 1
3024 3
3025 5
3026 5
3027 5
3028 5
3029 2
3030 3
3031 1
3032 2
3033 7
3034 2
3035 7
3036 2
3037 2
3038 2
3039 7
3040 7
3041 7
3042 7
3043 2
3044 2
3045 3
3046 2
3047 5
3048 7
3049 2
3050 3
3051 3
3052 2
3053 1
3054 3
3055 2
3056 6
3057 1
3058 3
3059 7
3060 2
3061 2
3062 7
3063 3
3064 7
3065 2
3066 2
3067 2
3068 2
3069 1
3070 7
3071 7
3072 5
3073 2
3074 7
3075 3
3076 2
3077 1
3078 3
3079 7
3080 7
3081 2
3082 3
3083 3
3084 1
3085 7
3086 2
3087 7
3088 3
3089 7
3090 2
3091 2
3092 7
3093 2
3094 5
3095 3
3096 2
3097 0
3098 1
3099 4
3100 2
3101 7
3102 7
3103 2
3104 3
3105 2
3106 2
3107 7
3108 0
3109 3
3110 2
3111 7
3112 7
3113 2
3114 3
3115 7
3116 7
3117 2
3118 7
3119 5
3120 1
3121 2
3122 4
3123 2
3124 2
3125 2
3126 3
3127 7
3128 7
3129 2
3130 7
3131 5
3132 2
3133 2
3134 2
3135 2
3136 6
3137 7
3138 2
3139 2
3140 7
3141 7
3142 5
3143 3
3144 5
3145 7
3146 2
3147 7
3148 5
3149 2
3150 4
3151 2
3152 2
3153 1
3154 7
3155 7
3156 2
3157 7
3158 7
3159 2
3160 2
3161 2
3162 2
3163 5
3164 5
3165 4
3166 7
3167 2
3168 2
3169 2
3170 7
3171 7
3172 5
3173 3
3174 7
3175 2
3176 4
3177 2
3178 2
3179 2
3180 7
3181 7
3182 7
3183 5
3184 7
3185 2
3186 1
3187 4
3188 3
3189 2
3190 7
3191 7
3192 2
3193 5
3194 2
3195 3
3196 2
3197 3
3198 0
3199 5
3200 1
3201 2
3202 2
3203 2
3204 2
3205 2
3206 0
3207 7
3208 7
3209 3
3210 5
3211 2
3212 5
3213 2
3214 2
3215 3
3216 7
3217 2
3218 7
3219 7
3220 7
3221 2
3222 7
3223 5
3224 2
3225 2
3226 3
3227 7
3228 7
3229 7
3230 5
3231 3
3232 3
3233 7
3234 2
3235 3
3236 2
3237 5
3238 7
3239 2
3240 2
3241 3
3242 7
3243 3
3244 2
3245 2
3246 3
3247 7
3248 5
3249 4
3250 2
3251 2
3252 2
3253 7
3254 7
3255 2
3256 2
3257 6
3258 2
3259 1
3260 5
3261 2
3262 3
3263 4
3264 7
3265 5
3266 2
3267 1
3268 3
3269 5
3270 2
3271 7
3272 2
3273 2
3274 7
3275 3
3276 2
3277 5
3278 3
3279 3
3280 2
3281 3
3282 2
3283 5
3284 1
3285 2
3286 2
3287 7
3288 5
3289 7
3290 3
3291 3
3292 2
3293 2
3294 7
3295 2
3296 7
3297 5
3298 2
3299 3
3300 2
3301 2
3302 3
3303 1
3304 5
3305 7
3306 7
3307 2
3308 2
3309 3
3310 1
3311 2
3312 5
3313 7
3314 2
3315 7
3316 5
3317 7
3318 3
3319 7
3320 2
3321 5
3322 1
3323 7
3324 2
3325 2
3326 2
3327 2
3328 2
3329 2
3330 2
3331 5
3332 7
3333 7
3334 7
3335 2
3336 2
3337 5
3338 2
3339 4
3340 7
3341 7
3342 2
3343 7
3344 7
3345 3
3346 7
3347 2
3348 2
3349 2
3350 2
3351 3
3352 7
3353 2
3354 7
3355 7
3356 5
3357 4
3358 2
3359 5
3360 2
3361 1
3362 3
3363 3
3364 7
3365 7
3366 3
3367 7
3368 3
3369 3
3370 7
3371 3
3372 2
3373 7
3374 7
3375 1
3376 2
3377 2
3378 7
3379 2
3380 3
3381 6
3382 2
3383 2
3384 5
3385 2
3386 2
3387 3
3388 3
3389 2
3390 7
3391 2
3392 2
3393 2
3394 2
3395 2
3396 2
3397 7
3398 3
3399 2
3400 7
3401 2
3402 2
3403 3
3404 2
3405 0
3406 5
3407 3
3408 5
3409 2
3410 7
3411 2
3412 3
3413 2
3414 2
3415 7
3416 7
3417 0
3418 7
3419 7
3420 2
3421 2
3422 2
3423 6
3424 3
3425 7
3426 2
3427 7
3428 2
3429 1
3430 7
3431 7
3432 2
3433 5
3434 0
3435 2
3436 4
3437 3
3438 2
3439 2
3440 2
3441 7
3442 2
3443 4
3444 7
3445 7
3446 5
3447 5
3448 4
3449 3
3450 5
3451 2
3452 5
3453 4
3454 2
3455 7
3456 2
3457 3
3458 7
3459 4
3460 2
3461 5
3462 2
3463 3
3464 5
3465 5
3466 5
3467 3
3468 7
3469 2
3470 2
3471 2
3472 3
3473 2
3474 2
3475 5
3476 2
3477 2
3478 5
3479 7
3480 2
3481 1
3482 2
3483 2
3484 2
3485 7
3486 2
3487 2
3488 7
3489 5
3490 5
3491 2
3492 2
3493 7
3494 7
3495 5
3496 2
3497 7
3498 7
3499 7
3500 2
3501 2
3502 2
3503 2
3504 7
3505 2
3506 2
3507 2
3508 3
3509 3
3510 2
3511 7
3512 5
3513 7
3514 3
3515 2
3516 2
3517 7
3518 3
3519 3
3520 3
3521 2
3522 7
3523 7
3524 4
3525 2
3526 3
3527 2
3528 5
3529 2
3530 7
3531 3
3532 3
3533 7
3534 2
3535 2
3536 2
3537 2
3538 2
3539 7
3540 7
3541 2
3542 2
3543 7
3544 5
3545 7
3546 5
3547 7
3548 5
3549 2
3550 7
3551 2
3552 3
3553 2
3554 3
3555 3
3556 7
3557 4
3558 2
3559 7
3560 2
3561 4
3562 1
3563 5
3564 5
3565 4
3566 7
3567 2
3568 7
3569 7
3570 3
3571 7
3572 5
3573 7
3574 5
3575 7
3576 1
3577 7
3578 3
3579 2
3580 5
3581 5
3582 2
3583 7
3584 3
3585 3
3586 7
3587 5
3588 3
3589 2
3590 2
3591 7
3592 7
3593 2
3594 7
3595 7
3596 2
3597 2
3598 3
3599 7
3600 2
3601 7
3602 2
3603 2
3604 7
3605 5
3606 7
3607 3
3608 3
3609 2
3610 2
3611 2
3612 2
3613 2
3614 2
3615 3
3616 3
3617 2
3618 3
3619 2
3620 3
3621 3
3622 5
3623 2
3624 5
3625 7
3626 4
3627 2
3628 1
3629 5
3630 7
3631 1
3632 5
3633 1
3634 4
3635 2
3636 2
3637 2
3638 6
3639 5
3640 7
3641 2
3642 7
3643 7
3644 1
3645 5
3646 2
3647 2
3648 5
3649 2
3650 2
3651 3
3652 3
3653 1
3654 7
3655 2
3656 1
3657 2
3658 3
3659 3
3660 2
3661 7
3662 2
3663 2
3664 7
3665 3
3666 5
3667 3
3668 2
3669 1
3670 3
3671 7
3672 2
3673 4
3674 7
3675 2
3676 2
3677 2
3678 4
3679 2
3680 7
3681 2
3682 5
3683 2
3684 3
3685 5
3686 7
3687 5
3688 2
3689 2
3690 4
3691 5
3692 4
3693 2
3694 7
3695 1
3696 0
3697 2
3698 3
3699 5
3700 4
3701 3
3702 7
3703 3
3704 7
3705 7
3706 7
3707 2
3708 7
3709 2
3710 1
3711 7
3712 2
3713 3
3714 2
3715 2
3716 7
3717 5
3718 4
3719 5
3720 2
3721 2
3722 7
3723 1
3724 1
3725 7
3726 7
3727 2
3728 7
3729 3
3730 3
3731 3
3732 7
3733 7
3734 3
3735 3
3736 3
3737 0
3738 0
3739 7
3740 3
3741 3
3742 2
3743 5
3744 3
3745 5
3746 3
3747 2
3748 7
3749 4
3750 7
3751 3
3752 5
3753 2
3754 2
3755 1
3756 5
3757 2
3758 7
3759 2
3760 2
3761 2
3762 2
3763 7
3764 2
3765 2
3766 2
3767 5
3768 3
3769 3
3770 2
3771 7
3772 2
3773 3
3774 7
3775 2
3776 2
3777 2
3778 3
3779 7
3780 2
3781 3
3782 2
3783 2
3784 7
3785 7
3786 3
3787 5
3788 3
3789 2
3790 5
3791 2
3792 7
3793 2
3794 7
3795 2
3796 2
3797 2
3798 7
3799 7
3800 2
3801 1
3802 5
3803 3
3804 7
3805 7
3806 2
3807 2
3808 3
3809 2
3810 7
3811 2
3812 1
3813 4
3814 2
3815 5
3816 7
3817 3
3818 7
3819 2
3820 5
3821 7
3822 2
3823 7
3824 7
3825 2
3826 2
3827 1
3828 1
3829 2
3830 2
3831 1
3832 2
3833 2
3834 4
3835 0
3836 2
3837 2
3838 7
3839 7
3840 2
3841 7
3842 5
3843 2
3844 2
3845 7
3846 2
3847 7
3848 2
3849 7
3850 7
3851 5
3852 1
3853 7
3854 7
3855 2
3856 0
3857 2
3858 2
3859 5
3860 7
3861 2
3862 2
3863 2
3864 2
3865 4
3866 3
3867 3
3868 2
3869 2
3870 2
3871 7
3872 7
3873 3
3874 2
3875 3
3876 5
3877 3
3878 5
3879 7
3880 4
3881 3
3882 2
3883 3
3884 2
3885 3
3886 2
3887 2
3888 7
3889 7
3890 5
3891 7
3892 2
3893 4
3894 2
3895 7
3896 2
3897 1
3898 2
3899 2
3900 7
3901 1
3902 5
3903 3
3904 3
3905 5
3906 5
3907 2
3908 2
3909 2
3910 2
3911 2
3912 0
3913 2
3914 2
3915 2
3916 7
3917 5
3918 4
3919 7
3920 2
3921 7
3922 2
3923 2
3924 7
3925 1
3926 5
3927 5
3928 2
3929 7
3930 2
3931 7
3932 7
3933 2
3934 2
3935 2
3936 7
3937 7
3938 7
3939 7
3940 2
3941 7
3942 7
3943 7
3944 7
3945 7
3946 3
3947 7
3948 7
3949 2
3950 4
3951 7
3952 2
3953 5
3954 5
3955 2
3956 1
3957 4
3958 3
3959 2
3960 2
3961 2
3962 2
3963 1
3964 2
3965 2
3966 5
3967 4
3968 3
3969 5
3970 7
3971 3
3972 2
3973 6
3974 2
3975 5
3976 7
3977 2
3978 2
3979 2
3980 7
3981 7
3982 5
3983 2
3984 2
3985 2
3986 7
3987 3
3988 2
3989 7
3990 2
3991 1
3992 2
3993 2
3994 7
3995 2
3996 2
3997 7
3998 5
3999 3
4000 1
4001 2
4002 3
4003 1
4004 3
4005 7
4006 3
4007 7
4008 2
4009 3
4010 7
4011 7
4012 2
4013 7
4014 5
4015 7
4016 2
4017 3
4018 7
4019 7
4020 5
4021 3
4022 2
4023 3
4024 5
4025 3
4026 1
4027 7
4028 7
4029 2
4030 2
4031 7
4032 3
4033 2
4034 2
4035 2
4036 7
4037 3
4038 3
4039 3
4040 7
4041 2
4042 2
4043 3
4044 5
4045 1
4046 2
4047 2
4048 2
4049 2
4050 7
4051 3
4052 2
4053 2
4054 7
4055 2
4056 7
4057 7
4058 7
4059 2
4060 2
4061 3
4062 5
4063 7
4064 6
4065 7
4066 2
4067 2
4068 1
4069 2
4070 2
4071 7
4072 2
4073 7
4074 7
4075 2
4076 7
4077 2
4078 3
4079 5
4080 7
4081 3
4082 3
4083 2
4084 7
4085 3
4086 3
4087 2
4088 1
4089 7
4090 2
4091 7
4092 7
4093 2
4094 2
4095 7
4096 2
4097 5
4098 4
4099 4
4100 1
4101 7
4102 5
4103 7
4104 2
4105 7
4106 2
4107 7
4108 3
4109 0
4110 7
4111 3
4112 5
4113 3
4114 7
4115 1
4116 7
4117 7
4118 2
4119 2
4120 2
4121 2
4122 7
4123 2
4124 3
4125 5
4126 7
4127 7
4128 2
4129 7
4130 2
4131 7
4132 7
4133 3
4134 1
4135 7
4136 3
4137 2
4138 3
4139 2
4140 2
4141 1
4142 2
4143 7
4144 2
4145 2
4146 2
4147 2
4148 7
4149 2
4150 7
4151 7
4152 3
4153 3
4154 3
4155 2
4156 2
4157 2
4158 3
4159 2
4160 7
4161 2
4162 5
4163 2
4164 2
4165 2
4166 2
4167 5
4168 7
4169 5
4170 2
4171 2
4172 3
4173 5
4174 3
4175 7
4176 2
4177 2
4178 7
4179 3
4180 7
4181 3
4182 4
4183 0
4184 7
4185 2
4186 3
4187 2
4188 2
4189 4
4190 2
4191 2
4192 2
4193 4
4194 2
4195 2
4196 7
4197 2
4198 2
4199 2
4200 7
4201 7
4202 7
4203 7
4204 7
4205 2
4206 3
4207 7
4208 2
4209 3
4210 7
4211 3
4212 7
4213 7
4214 7
4215 5
4216 5
4217 4
4218 3
4219 2
4220 5
4221 2
4222 2
4223 7
4224 2
4225 3
4226 2
4227 7
4228 2
4229 3
4230 2
4231 1
4232 7
4233 2
4234 2
4235 2
4236 2
4237 2
4238 6
4239 2
4240 2
4241 1
4242 2
4243 7
4244 7
4245 7
4246 2
4247 1
4248 3
4249 2
4250 1
4251 2
4252 2
4253 5
4254 2
4255 7
4256 2
4257 7
4258 2
4259 7
4260 2
4261 7
4262 2
4263 5
4264 3
4265 2
4266 5
4267 7
4268 2
4269 5
4270 7
4271 2
4272 7
4273 2
4274 1
4275 1
4276 7
4277 3
4278 4
4279 7
4280 5
4281 5
4282 2
4283 7
4284 7
4285 2
4286 3
4287 2
4288 2
4289 7
4290 7
4291 5
4292 7
4293 7
4294 5
4295 2
4296 3
4297 3
4298 2
4299 5
4300 2
4301 3
4302 5
4303 2
4304 2
4305 7
4306 7
4307 2
4308 2
4309 2
4310 7
4311 5
4312 2
4313 7
4314 2
4315 0
4316 1
4317 1
4318 7
4319 2
4320 3
4321 7
4322 5
4323 2
4324 5
4325 7
4326 7
4327 7
4328 2
4329 2
4330 7
4331 7
4332 7
4333 7
4334 7
4335 7
4336 3
4337 5
4338 2
4339 2
4340 2
4341 2
4342 7
4343 1
4344 7
4345 4
4346 7
4347 7
4348 2
4349 3
4350 7
4351 4
4352 7
4353 0
4354 3
4355 7
4356 2
4357 7
4358 7
4359 2
4360 5
4361 2
4362 2
4363 2
4364 3
4365 2
4366 3
4367 4
4368 3
4369 1
4370 2
4371 2
4372 7
4373 1
4374 5
4375 2
4376 3
4377 3
4378 0
4379 2
4380 7
4381 2
4382 7
4383 5
4384 7
4385 3
4386 7
4387 2
4388 2
4389 2
4390 5
4391 7
4392 3
4393 7
4394 5
4395 2
4396 4
4397 5
4398 2
4399 2
4400 4
4401 5
4402 4
4403 3
4404 3
4405 6
4406 0
4407 2
4408 7
4409 5
4410 7
4411 0
4412 1
4413 7
4414 7
4415 2
4416 2
4417 7
4418 7
4419 2
4420 7
4421 3
4422 7
4423 2
4424 2
4425 2
4426 2
4427 7
4428 0
4429 2
4430 7
4431 2
4432 3
4433 1
4434 2
4435 2
4436 2
4437 5
4438 3
4439 7
4440 3
4441 7
4442 4
4443 7
4444 3
4445 2
4446 2
4447 2
4448 5
4449 5
4450 3
4451 7
4452 3
4453 7
4454 1
4455 7
4456 2
4457 4
4458 7
4459 4
4460 2
4461 7
4462 3
4463 5
4464 7
4465 2
4466 2
4467 2
4468 1
4469 3
4470 7
4471 7
4472 2
4473 5
4474 2
4475 2
4476 7
4477 2
4478 2
4479 3
4480 3
4481 2
4482 7
4483 2
4484 3
4485 7
4486 2
4487 2
4488 2
4489 2
4490 7
4491 7
4492 3
4493 7
4494 7
4495 3
4496 3
4497 7
4498 2
4499 2
4500 7
4501 2
4502 3
4503 2
4504 2
4505 2
4506 3
4507 1
4508 2
4509 2
4510 2
4511 2
4512 3
4513 7
4514 2
4515 2
4516 3
4517 7
4518 3
4519 2
4520 7
4521 2
4522 2
4523 7
4524 2
4525 2
4526 2
4527 7
4528 1
4529 7
4530 7
4531 1
4532 7
4533 3
4534 2
4535 2
4536 1
4537 7
4538 1
4539 3
4540 2
4541 2
4542 5
4543 3
4544 2
4545 7
4546 4
4547 7
4548 3
4549 5
4550 2
4551 6
4552 2
4553 1
4554 5
4555 1
4556 7
4557 2
4558 2
4559 7
4560 3
4561 3
4562 7
4563 3
4564 7
4565 2
4566 2
4567 1
4568 7
4569 7
4570 2
4571 2
4572 2
4573 2
4574 2
4575 1
4576 3
4577 2
4578 7
4579 2
4580 5
4581 3
4582 2
4583 2
4584 7
4585 2
4586 7
4587 7
4588 7
4589 3
4590 7
4591 2
4592 7
4593 2
4594 2
4595 7
4596 3
4597 2
4598 3
4599 2
4600 7
4601 3
4602 7
4603 2
4604 7
4605 2
4606 2
4607 2
4608 3
4609 7
4610 5
4611 2
4612 2
4613 7
4614 2
4615 4
4616 2
4617 2
4618 2
4619 5
4620 2
4621 3
4622 2
4623 2
4624 2
4625 2
4626 7
4627 7
4628 7
4629 7
4630 7
4631 2
4632 4
4633 7
4634 5
4635 2
4636 2
4637 7
4638 7
4639 4
4640 4
4641 2
4642 7
4643 2
4644 7
4645 5
4646 3
4647 7
4648 1
4649 7
4650 7
4651 3
4652 3
4653 7
4654 2
4655 7
4656 2
4657 2
4658 7
4659 2
4660 7
4661 4
4662 3
4663 7
4664 3
4665 3
4666 2
4667 5
4668 7
4669 2
4670 3
4671 2
4672 2
4673 3
4674 4
4675 5
4676 1
4677 3
4678 5
4679 7
4680 2
4681 2
4682 2
4683 2
4684 2
4685 1
4686 7
4687 7
4688 3
4689 2
4690 7
4691 2
4692 7
4693 2
4694 2
4695 2
4696 2
4697 2
4698 3
4699 4
4700 4
4701 5
4702 2
4703 2
4704 3
4705 7
4706 2
4707 3
4708 7
4709 5
4710 7
4711 7
4712 2
4713 2
4714 2
4715 2
4716 5
4717 7
4718 2
4719 7
4720 1
4721 4
4722 0
4723 5
4724 7
4725 2
4726 7
4727 2
4728 7
4729 2
4730 2
4731 5
4732 2
4733 7
4734 3
4735 7
4736 3
4737 1
4738 2
4739 3
4740 2
4741 3
4742 2
4743 7
4744 6
4745 7
4746 3
4747 2
4748 2
4749 2
4750 0
4751 3
4752 2
4753 2
4754 2
4755 3
4756 4
4757 7
4758 2
4759 7
4760 2
4761 2
4762 3
4763 3
4764 5
4765 5
4766 7
4767 5
4768 2
4769 2
4770 7
4771 7
4772 7
4773 2
4774 2
4775 2
4776 2
4777 2
4778 7
4779 5
4780 7
4781 3
4782 2
4783 7
4784 2
4785 7
4786 2
4787 2
4788 1
4789 2
4790 3
4791 5
4792 1
4793 7
4794 2
4795 7
4796 2
4797 2
4798 7
4799 7
4800 7
4801 2
4802 2
4803 3
4804 7
4805 7
4806 3
4807 2
4808 7
4809 2
4810 7
4811 2
4812 2
4813 2
4814 5
4815 6
4816 7
4817 7
4818 2
4819 7
4820 2
4821 2
4822 2
4823 7
4824 2
4825 1
4826 4
4827 3
4828 3
4829 5
4830 2
4831 2
4832 4
4833 7
4834 0
4835 7
4836 3
4837 3
4838 3
4839 2
4840 5
4841 2
4842 7
4843 0
4844 1
4845 2
4846 2
4847 2
4848 5
4849 2
4850 0
4851 2
4852 3
4853 7
4854 2
4855 2
4856 7
4857 7
4858 3
4859 2
4860 7
4861 3
4862 5
4863 7
4864 2
4865 5
4866 3
4867 7
4868 5
4869 2
4870 2
4871 3
4872 1
4873 7
4874 7
4875 2
4876 2
4877 2
4878 7
4879 2
4880 4
4881 2
4882 7
4883 2
4884 2
4885 2
4886 2
4887 2
4888 5
4889 1
4890 7
4891 2
4892 2
4893 7
4894 2
4895 1
4896 2
4897 3
4898 1
4899 2
4900 2
4901 2
4902 7
4903 5
4904 7
4905 2
4906 4
4907 7
4908 7
4909 2
4910 2
4911 5
4912 2
4913 2
4914 7
4915 5
4916 7
4917 7
4918 2
4919 7
4920 7
4921 2
4922 4
4923 2
4924 2
4925 2
4926 7
4927 2
4928 2
4929 7
4930 2
4931 2
4932 7
4933 1
4934 2
4935 2
4936 3
4937 2
4938 2
4939 7
4940 7
4941 2
4942 5
4943 3
4944 7
4945 2
4946 7
4947 2
4948 2
4949 5
4950 5
4951 2
4952 2
4953 2
4954 3
4955 2
4956 2
4957 2
4958 4
4959 7
4960 2
4961 2
4962 2
4963 2
4964 2
4965 5
4966 2
4967 2
4968 5
4969 7
4970 2
4971 7
4972 2
4973 2
4974 7
4975 2
4976 0
4977 1
4978 3
4979 2
4980 7
4981 2
4982 2
4983 2
4984 2
4985 2
4986 2
4987 7
4988 3
4989 2
4990 3
4991 5
4992 3
4993 5
4994 5
4995 7
4996 2
4997 1
4998 2
4999 2
5000 7
5001 7
5002 2
5003 7
5004 2
5005 5
5006 5
5007 2
5008 2
5009 0
5010 7
5011 2
5012 7
5013 7
5014 4
5015 5
5016 2
5017 2
5018 2
5019 7
5020 7
5021 7
5022 2
5023 3
5024 2
5025 2
5026 2
5027 7
5028 7
5029 2
5030 1
5031 7
5032 7
5033 2
5034 7
5035 2
5036 2
5037 2
5038 7
5039 5
5040 7
5041 2
5042 2
5043 1
5044 2
5045 7
5046 7
5047 7
5048 2
5049 3
5050 0
5051 5
5052 7
5053 2
5054 2
5055 2
5056 7
5057 4
5058 7
5059 7
5060 3
5061 2
5062 2
5063 2
5064 7
5065 2
5066 7
5067 2
5068 2
5069 2
5070 7
5071 7
5072 2
5073 7
5074 1
5075 1
5076 7
5077 3
5078 2
5079 3
5080 2
5081 5
5082 3
5083 3
5084 1
5085 7
5086 7
5087 7
5088 2
5089 7
5090 5
5091 3
5092 3
5093 7
5094 3
5095 7
5096 2
5097 7
5098 2
5099 2
5100 7
5101 4
5102 2
5103 2
5104 2
5105 5
5106 2
5107 4
5108 1
5109 2
5110 3
5111 7
5112 3
5113 4
5114 1
5115 2
5116 7
5117 7
5118 2
5119 7
5120 2
5121 3
5122 7
5123 2
5124 5
5125 3
5126 7
5127 3
5128 3
5129 7
5130 2
5131 7
5132 2
5133 7
5134 2
5135 2
5136 5
5137 7
5138 0
5139 7
5140 7
5141 7
5142 2
5143 2
5144 7
5145 3
5146 7
5147 7
5148 2
5149 7
5150 2
5151 2
5152 3
5153 7
5154 2
5155 5
5156 7
5157 2
5158 2
5159 7
5160 2
5161 3
5162 4
5163 2
5164 4
5165 2
5166 7
5167 2
5168 2
5169 7
5170 3
5171 2
5172 2
5173 3
5174 2
5175 2
5176 2
5177 5
5178 2
5179 7
5180 2
5181 7
5182 7
5183 2
5184 2
5185 7
5186 2
5187 3
5188 2
5189 5
5190 7
5191 2
5192 2
5193 2
5194 3
5195 7
5196 5
5197 1
5198 7
5199 2
5200 2
5201 2
5202 6
5203 2
5204 2
5205 2
5206 2
5207 1
5208 7
5209 5
5210 2
5211 2
5212 0
5213 7
5214 2
5215 3
5216 2
5217 2
5218 4
5219 2
5220 7
5221 2
5222 2
5223 7
5224 3
5225 5
5226 0
5227 2
5228 7
5229 2
5230 3
5231 2
5232 2
5233 2
5234 2
5235 3
5236 2
5237 7
5238 2
5239 2
5240 1
5241 3
5242 7
5243 7
5244 3
5245 7
5246 5
5247 2
5248 3
5249 3
5250 3
5251 2
5252 3
5253 3
5254 1
5255 2
5256 2
5257 2
5258 3
5259 7
5260 2
5261 2
5262 2
5263 2
5264 1
5265 3
5266 2
5267 2
5268 7
5269 7
5270 2
5271 7
5272 5
5273 3
5274 7
5275 2
5276 7
5277 3
5278 7
5279 2
5280 2
5281 2
5282 7
5283 2
5284 2
5285 2
5286 7
5287 2
5288 1
5289 2
5290 2
5291 1
5292 7
5293 3
5294 2
5295 1
5296 7
5297 2
5298 4
5299 2
5300 2
5301 0
5302 7
5303 4
5304 7
5305 2
5306 2
5307 7
5308 7
5309 0
5310 2
5311 1
5312 2
5313 5
5314 7
5315 7
5316 3
5317 2
5318 2
5319 7
5320 7
5321 7
5322 2
5323 2
5324 1
5325 2
5326 2
5327 7
5328 7
5329 2
5330 2
5331 2
5332 2
5333 3
5334 2
5335 2
5336 2
5337 3
5338 1
5339 5
5340 7
5341 7
5342 3
5343 2
5344 2
5345 2
5346 5
5347 7
5348 7
5349 2
5350 2
5351 7
5352 2
5353 7
5354 2
5355 3
5356 3
5357 2
5358 3
5359 7
5360 7
5361 7
5362 3
5363 5
5364 3
5365 1
5366 7
5367 3
5368 3
5369 1
5370 4
5371 0
5372 3
5373 7
5374 2
5375 3
5376 2
5377 0
5378 2
5379 2
5380 3
5381 2
5382 2
5383 5
5384 4
5385 5
5386 2
5387 3
5388 2
5389 7
5390 3
5391 2
5392 7
5393 2
5394 7
5395 2
5396 3
5397 5
5398 7
5399 7
5400 2
5401 3
5402 2
5403 3
5404 3
5405 2
5406 2
5407 3
5408 1
5409 3
5410 5
5411 7
5412 7
5413 7
5414 2
5415 5
5416 3
5417 7
5418 2
5419 2
5420 3
5421 0
5422 5
5423 2
5424 2
5425 7
5426 3
5427 2
5428 2
5429 7
5430 4
5431 5
5432 2
5433 7
5434 7
5435 2
5436 2
5437 2
5438 7
5439 2
5440 2
5441 7
5442 3
5443 7
5444 2
5445 7
5446 2
5447 2
5448 2
5449 2
5450 1
5451 7
5452 7
5453 2
5454 2
5455 2
5456 2
5457 7
5458 2
5459 2
5460 7
5461 3
5462 2
5463 2
5464 5
5465 2
5466 2
5467 5
5468 2
5469 7
5470 3
5471 1
5472 7
5473 2
5474 2
5475 2
5476 7
5477 3
5478 7
5479 7
5480 7
5481 4
5482 2
5483 2
5484 3
5485 7
5486 2
5487 5
5488 2
5489 1
5490 2
5491 5
5492 3
5493 5
5494 5
5495 3
5496 2
5497 7
5498 7
5499 2
5500 2
5501 5
5502 7
5503 4
5504 7
5505 7
5506 3
5507 2
5508 7
5509 2
5510 5
5511 7
5512 2
5513 1
5514 7
5515 6
5516 7
5517 2
5518 2
5519 2
5520 3
5521 2
5522 2
5523 7
5524 2
5525 4
5526 7
5527 2
5528 3
5529 5
5530 2
5531 1
5532 2
5533 7
5534 2
5535 5
5536 7
5537 3
5538 1
5539 7
5540 2
5541 1
5542 5
5543 7
5544 2
5545 1
5546 7
5547 5
5548 7
5549 3
5550 7
5551 7
5552 5
5553 2
5554 3
5555 7
5556 3
5557 5
5558 7
5559 0
5560 2
5561 2
5562 7
5563 4
5564 2
5565 7
5566 2
5567 3
5568 2
5569 2
5570 2
5571 7
5572 3
5573 2
5574 3
5575 7
5576 7
5577 2
5578 2
5579 7
5580 7
5581 7
5582 2
5583 0
5584 7
5585 7
5586 7
5587 2
5588 5
5589 7
5590 2
5591 6
5592 2
5593 5
5594 5
5595 3
5596 5
5597 2
5598 3
5599 5
5600 2
5601 3
5602 1
5603 2
5604 2
5605 3
5606 3
5607 7
5608 6
5609 3
5610 7
5611 7
5612 4
5613 1
5614 7
5615 3
5616 3
5617 1
5618 2
5619 1
5620 2
5621 2
5622 1
5623 1
5624 3
5625 5
5626 7
5627 5
5628 3
5629 3
5630 2
5631 5
5632 7
5633 7
5634 3
5635 7
5636 7
5637 3
5638 2
5639 2
5640 3
5641 5
5642 2
5643 1
5644 3
5645 2
5646 0
5647 7
5648 5
5649 7
5650 5
5651 7
5652 7
5653 2
5654 2
5655 2
5656 2
5657 4
5658 2
5659 2
5660 1
5661 2
5662 7
5663 3
5664 2
5665 7
5666 2
5667 3
5668 0
5669 3
5670 2
5671 5
5672 1
5673 4
5674 3
5675 3
5676 5
5677 5
5678 2
5679 7
5680 2
5681 7
5682 5
5683 7
5684 2
5685 7
5686 7
5687 7
5688 3
5689 4
5690 3
5691 2
5692 7
5693 2
5694 2
5695 3
5696 2
5697 7
5698 7
5699 3
5700 7
5701 5
5702 1
5703 2
5704 5
5705 2
5706 7
5707 7
5708 7
5709 2
5710 3
5711 3
5712 3
5713 5
5714 3
5715 7
5716 5
5717 7
5718 1
5719 7
5720 3
5721 2
5722 2
5723 1
5724 3
5725 7
5726 7
5727 2
5728 2
5729 3
5730 2
5731 2
5732 4
5733 2
5734 7
5735 4
5736 2
5737 5
5738 6
5739 7
5740 7
5741 2
5742 2
5743 1
5744 3
5745 7
5746 5
5747 2
5748 0
5749 7
5750 2
5751 2
5752 3
5753 3
5754 6
5755 7
5756 2
5757 3
5758 5
5759 2
5760 7
5761 3
5762 5
5763 7
5764 6
5765 2
5766 7
5767 2
5768 4
5769 3
5770 2
5771 3
5772 3
5773 5
5774 2
5775 5
5776 2
5777 3
5778 2
5779 2
5780 3
5781 1
5782 0
5783 2
5784 7
5785 7
5786 3
5787 3
5788 2
5789 4
5790 7
5791 2
5792 5
5793 7
5794 1
5795 2
5796 2
5797 5
5798 5
5799 2
5800 7
5801 2
5802 2
5803 5
5804 7
5805 5
5806 2
5807 2
5808 2
5809 5
5810 3
5811 7
5812 1
5813 2
5814 7
5815 2
5816 2
5817 2
5818 2
5819 2
5820 4
5821 7
5822 7
5823 3
5824 7
5825 3
5826 5
5827 7
5828 7
5829 2
5830 2
5831 2
5832 5
5833 2
5834 1
5835 2
5836 7
5837 7
5838 2
5839 7
5840 7
5841 7
5842 7
5843 7
5844 7
5845 5
5846 3
5847 7
5848 3
5849 2
5850 0
5851 3
5852 3
5853 7
5854 1
5855 7
5856 5
5857 6
5858 7
5859 7
5860 2
5861 2
5862 6
5863 2
5864 5
5865 5
5866 2
5867 2
5868 2
5869 6
5870 2
5871 5
5872 3
5873 7
5874 5
5875 2
5876 7
5877 5
5878 2
5879 2
5880 2
5881 2
5882 3
5883 2
5884 7
5885 5
5886 7
5887 5
5888 2
5889 2
5890 2
5891 3
5892 3
5893 1
5894 3
5895 2
5896 1
5897 2
5898 3
5899 7
5900 2
5901 7
5902 2
5903 7
5904 3
5905 5
5906 1
5907 3
5908 7
5909 7
5910 3
5911 2
5912 7
5913 5
5914 5
5915 3
5916 2
5917 2
5918 4
5919 2
5920 5
5921 2
5922 2
5923 7
5924 7
5925 2
5926 2
5927 7
5928 3
5929 2
5930 7
5931 7
5932 2
5933 2
5934 3
5935 2
5936 0
5937 7
5938 2
5939 7
5940 2
5941 7
5942 2
5943 2
5944 2
5945 2
5946 2
5947 5
5948 2
5949 2
5950 7
5951 5
5952 2
5953 7
5954 7
5955 7
5956 1
5957 2
5958 2
5959 7
5960 5
5961 2
5962 0
5963 7
5964 7
5965 2
5966 1
5967 3
5968 7
5969 1
5970 2
5971 5
5972 7
5973 5
5974 7
5975 0
5976 7
5977 2
5978 2
5979 3
5980 3
5981 2
5982 3
5983 7
5984 2
5985 7
5986 3
5987 7
5988 7
5989 2
5990 2
5991 1
5992 7
5993 2
5994 2
5995 1
5996 2
5997 2
5998 2
5999 3
6000 2
6001 2
6002 7
6003 2
6004 1
6005 7
6006 7
6007 7
6008 3
6009 1
6010 3
6011 4
6012 2
6013 7
6014 2
6015 2
6016 2
6017 7
6018 7
6019 5
6020 3
6021 7
6022 2
6023 3
6024 2
6025 2
6026 5
6027 5
6028 3
6029 7
6030 2
6031 2
6032 3
6033 2
6034 2
6035 2
6036 2
6037 2
6038 4
6039 7
6040 3
6041 2
6042 2
6043 2
6044 7
6045 3
6046 2
6047 3
6048 7
6049 2
6050 7
6051 2
6052 2
6053 6
6054 1
6055 7
6056 3
6057 2
6058 2
6059 2
6060 3
6061 7
6062 3
6063 3
6064 3
6065 2
6066 2
6067 3
6068 2
6069 2
6070 7
6071 1
6072 2
6073 2
6074 2
6075 3
6076 2
6077 1
6078 7
6079 2
6080 1
6081 2
6082 7
6083 3
6084 2
6085 3
6086 7
6087 2
6088 7
6089 3
6090 3
6091 2
6092 7
6093 2
6094 2
6095 2
6096 7
6097 2
6098 7
6099 2
6100 3
6101 1
6102 2
6103 2
6104 3
6105 5
6106 5
6107 2
6108 2
6109 3
6110 2
6111 2
6112 2
6113 2
6114 7
6115 3
6116 7
6117 7
6118 2
6119 2
6120 3
6121 5
6122 0
6123 3
6124 7
6125 2
6126 4
6127 7
6128 7
6129 3
6130 7
6131 2
6132 0
6133 5
6134 7
6135 3
6136 2
6137 3
6138 2
6139 2
6140 2
6141 1
6142 2
6143 4
6144 2
6145 7
6146 5
6147 2
6148 7
6149 7
6150 2
6151 7
6152 4
6153 2
6154 1
6155 1
6156 7
6157 2
6158 6
6159 7
6160 2
6161 4
6162 2
6163 3
6164 3
6165 2
6166 2
6167 3
6168 3
6169 2
6170 2
6171 4
6172 5
6173 2
6174 7
6175 7
6176 2
6177 3
6178 2
6179 3
6180 7
6181 3
6182 2
6183 7
6184 3
6185 2
6186 7
6187 7
6188 7
6189 1
6190 3
6191 7
6192 7
6193 7
6194 7
6195 2
6196 7
6197 7
6198 3
6199 2
6200 7
6201 3
6202 3
6203 7
6204 4
6205 7
6206 7
6207 2
6208 2
6209 2
6210 7
6211 2
6212 2
6213 5
6214 7
6215 2
6216 2
6217 5
6218 2
6219 5
6220 3
6221 7
6222 0
6223 3
6224 5
6225 5
6226 2
6227 5
6228 1
6229 3
6230 7
6231 2
6232 5
6233 2
6234 2
6235 2
6236 1
6237 1
6238 7
6239 2
6240 5
6241 5
6242 3
6243 2
6244 2
6245 3
6246 3
6247 2
6248 2
6249 6
6250 2
6251 1
6252 3
6253 5
6254 2
6255 1
6256 7
6257 2
6258 2
6259 2
6260 3
6261 3
6262 7
6263 1
6264 2
6265 7
6266 7
6267 2
6268 2
6269 5
6270 7
6271 7
6272 2
6273 2
6274 2
6275 2
6276 2
6277 2
6278 2
6279 5
6280 2
6281 5
6282 6
6283 2
6284 7
6285 2
6286 3
6287 5
6288 7
6289 5
6290 2
6291 3
6292 2
6293 2
6294 7
6295 7
6296 2
6297 3
6298 3
6299 3
6300 3
6301 7
6302 2
6303 7
6304 3
6305 2
6306 7
6307 7
6308 4
6309 5
6310 3
6311 1
6312 5
6313 2
6314 7
6315 1
6316 3
6317 3
6318 2
6319 2
6320 7
6321 4
6322 2
6323 7
6324 2
6325 7
6326 7
6327 3
6328 7
6329 2
6330 6
6331 3
6332 7
6333 7
6334 1
6335 2
6336 7
6337 7
6338 2
6339 7
6340 7
6341 7
6342 3
6343 2
6344 7
6345 7
6346 1
6347 4
6348 7
6349 7
6350 2
6351 1
6352 3
6353 2
6354 3
6355 2
6356 7
6357 7
6358 2
6359 3
6360 3
6361 7
6362 7
6363 2
6364 5
6365 2
6366 2
6367 2
6368 3
6369 2
6370 2
6371 2
6372 5
6373 7
6374 3
6375 7
6376 5
6377 5
6378 3
6379 2
6380 2
6381 7
6382 4
6383 7
6384 2
6385 2
6386 2
6387 5
6388 1
6389 7
6390 7
6391 1
6392 1
6393 5
6394 3
6395 2
6396 2
6397 3
6398 0
6399 7
6400 7
6401 3
6402 7
6403 7
6404 2
6405 1
6406 2
6407 2
6408 1
6409 3
6410 3
6411 7
6412 5
6413 5
6414 7
6415 7
6416 2
6417 2
6418 5
6419 5
6420 5
6421 2
6422 3
6423 7
6424 2
6425 2
6426 2
6427 5
6428 2
6429 7
6430 5
6431 2
6432 2
6433 1
6434 2
6435 5
6436 3
6437 2
6438 3
6439 7
6440 7
6441 2
6442 3
6443 3
6444 2
6445 1
6446 7
6447 4
6448 5
6449 7
6450 2
6451 3
6452 7
6453 7
6454 2
6455 3
6456 3
6457 3
6458 5
6459 2
6460 2
6461 7
6462 5
6463 7
6464 5
6465 3
6466 7
6467 3
6468 7
6469 4
6470 2
6471 2
6472 2
6473 2
6474 3
6475 3
6476 5
6477 4
6478 7
6479 7
6480 3
6481 7
6482 2
6483 2
6484 6
6485 7
6486 1
6487 7
6488 7
6489 7
6490 1
6491 5
6492 7
6493 2
6494 7
6495 7
6496 3
6497 2
6498 2
6499 7
6500 3
6501 5
6502 2
6503 2
6504 7
6505 3
6506 3
6507 3
6508 2
6509 2
6510 1
6511 2
6512 3
6513 7
6514 2
6515 2
6516 7
6517 7
6518 7
6519 2
6520 2
6521 7
6522 3
6523 0
6524 2
6525 7
6526 7
6527 5
6528 2
6529 2
6530 2
6531 2
6532 7
6533 4
6534 3
6535 2
6536 5
6537 2
6538 1
6539 7
6540 5
6541 2
6542 2
6543 7
6544 2
6545 1
6546 1
6547 2
6548 3
6549 3
6550 7
6551 5
6552 3
6553 2
6554 2
6555 1
6556 2
6557 1
6558 7
6559 2
6560 7
6561 7
6562 2
6563 4
6564 2
6565 1
6566 2
6567 1
6568 1
6569 4
6570 2
6571 2
6572 2
6573 7
6574 3
6575 5
6576 2
6577 2
6578 7
6579 3
6580 7
6581 2
6582 2
6583 5
6584 7
6585 2
6586 1
6587 2
6588 7
6589 5
6590 7
6591 2
6592 2
6593 3
6594 0
6595 7
6596 2
6597 1
6598 1
6599 7
6600 7
6601 2
6602 2
6603 2
6604 2
6605 5
6606 7
6607 2
6608 5
6609 7
6610 7
6611 2
6612 2
6613 2
6614 1
6615 2
6616 3
6617 2
6618 7
6619 2
6620 5
6621 3
6622 2
6623 3
6624 3
6625 3
6626 2
6627 0
6628 2
6629 7
6630 2
6631 5
6632 2
6633 5
6634 1
6635 7
6636 7
6637 7
6638 3
6639 7
6640 3
6641 7
6642 3
6643 7
6644 7
6645 2
6646 5
6647 2
6648 2
6649 2
6650 3
6651 3
6652 7
6653 2
6654 2
6655 2
6656 7
6657 5
6658 3
6659 2
6660 7
6661 2
6662 5
6663 5
6664 7
6665 3
6666 7
6667 4
6668 7
6669 7
6670 4
6671 2
6672 7
6673 3
6674 2
6675 7
6676 1
6677 7
6678 2
6679 7
6680 7
6681 5
6682 7
6683 7
6684 3
6685 7
6686 7
6687 1
6688 2
6689 1
6690 7
6691 7
6692 2
6693 5
6694 2
6695 2
6696 2
6697 3
6698 2
6699 2
6700 7
6701 2
6702 7
6703 2
6704 2
6705 1
6706 7
6707 7
6708 5
6709 5
6710 3
6711 3
6712 2
6713 3
6714 2
6715 7
6716 3
6717 5
6718 4
6719 3
6720 2
6721 2
6722 1
6723 7
6724 5
6725 5
6726 7
6727 2
6728 3
6729 6
6730 5
6731 2
6732 2
6733 7
6734 2
6735 2
6736 7
6737 3
6738 5
6739 3
6740 1
6741 7
6742 2
6743 7
6744 7
6745 2
6746 2
6747 3
6748 2
6749 3
6750 7
6751 3
6752 7
6753 3
6754 2
6755 3
6756 3
6757 3
6758 7
6759 7
6760 2
6761 2
6762 7
6763 2
6764 7
6765 2
6766 1
6767 3
6768 5
6769 2
6770 7
6771 5
6772 5
6773 1
6774 5
6775 7
6776 2
6777 5
6778 2
6779 2
6780 7
6781 4
6782 2
6783 6
6784 5
6785 7
6786 3
6787 6
6788 2
6789 5
6790 7
6791 7
6792 7
6793 7
6794 7
6795 3
6796 2
6797 2
6798 7
6799 7
6800 7
6801 7
6802 2
6803 3
6804 3
6805 7
6806 1
6807 7
6808 5
6809 0
6810 2
6811 4
6812 7
6813 2
6814 3
6815 5
6816 7
6817 2
6818 7
6819 7
6820 3
6821 3
6822 5
6823 7
6824 2
6825 2
6826 3
6827 7
6828 2
6829 2
6830 5
6831 7
6832 7
6833 1
6834 3
6835 2
6836 3
6837 3
6838 7
6839 2
6840 7
6841 3
6842 3
6843 2
6844 3
6845 2
6846 7
6847 7
6848 2
6849 3
6850 4
6851 7
6852 5
6853 6
6854 2
6855 7
6856 2
6857 7
6858 2
6859 7
6860 7
6861 5
6862 7
6863 7
6864 7
6865 5
6866 2
6867 7
6868 2
6869 2
6870 3
6871 3
6872 7
6873 1
6874 2
6875 3
6876 2
6877 2
6878 7
6879 2
6880 3
6881 2
6882 3
6883 7
6884 2
6885 7
6886 2
6887 7
6888 3
6889 4
6890 2
6891 2
6892 3
6893 2
6894 3
6895 7
6896 7
6897 1
6898 0
6899 2
6900 3
6901 2
6902 4
6903 2
6904 7
6905 2
6906 7
6907 1
6908 2
6909 7
6910 2
6911 7
6912 2
6913 5
6914 7
6915 1
6916 2
6917 2
6918 1
6919 2
6920 2
6921 7
6922 2
6923 2
6924 7
6925 3
6926 0
6927 7
6928 3
6929 3
6930 3
6931 5
6932 4
6933 7
6934 2
6935 0
6936 1
6937 2
6938 7
6939 2
6940 2
6941 4
6942 3
6943 7
6944 2
6945 7
6946 3
6947 2
6948 2
6949 5
6950 4
6951 3
6952 3
6953 1
6954 0
6955 3
6956 0
6957 2
6958 2
6959 1
6960 7
6961 2
6962 1
6963 5
6964 2
6965 2
6966 3
6967 2
6968 4
6969 2
6970 0
6971 1
6972 2
6973 2
6974 2
6975 5
6976 7
6977 7
6978 5
6979 1
6980 2
6981 7
6982 7
6983 7
6984 7
6985 3
6986 7
6987 7
6988 7
6989 3
6990 2
6991 3
6992 7
6993 2
6994 3
6995 2
6996 5
6997 2
6998 7
6999 3
7000 2
7001 7
7002 5
7003 2
7004 7
7005 7
7006 7
7007 2
7008 5
7009 2
7010 7
7011 7
7012 2
7013 0
7014 2
7015 2
7016 2
7017 7
7018 2
7019 5
7020 7
7021 2
7022 2
7023 2
7024 2
7025 1
7026 6
7027 1
7028 5
7029 7
7030 2
7031 2
7032 5
7033 7
7034 0
7035 3
7036 2
7037 2
7038 7
7039 1
7040 3
7041 7
7042 1
7043 3
7044 1
7045 3
7046 1
7047 5
7048 7
7049 2
7050 7
7051 2
7052 7
7053 2
7054 2
7055 2
7056 2
7057 3
7058 1
7059 3
7060 2
7061 7
7062 7
7063 5
7064 7
7065 3
7066 2
7067 2
7068 7
7069 3
7070 3
7071 7
7072 2
7073 5
7074 1
7075 7
7076 7
7077 7
7078 7
7079 3
7080 5
7081 0
7082 2
7083 4
7084 3
7085 1
7086 2
7087 2
7088 2
7089 7
7090 7
7091 2
7092 7
7093 2
7094 7
7095 2
7096 2
7097 2
7098 2
7099 7
7100 7
7101 2
7102 1
7103 2
7104 2
7105 1
7106 2
7107 0
7108 1
7109 7
7110 2
7111 3
7112 1
7113 5
7114 1
7115 2
7116 3
7117 7
7118 1
7119 3
7120 7
7121 7
7122 2
7123 2
7124 7
7125 7
7126 2
7127 1
7128 2
7129 7
7130 3
7131 7
7132 7
7133 7
7134 6
7135 0
7136 3
7137 2
7138 2
7139 2
7140 2
7141 3
7142 7
7143 7
7144 3
7145 7
7146 4
7147 2
7148 7
7149 2
7150 7
7151 3
7152 7
7153 4
7154 4
7155 5
7156 5
7157 2
7158 5
7159 2
7160 0
7161 3
7162 7
7163 2
7164 2
7165 3
7166 4
7167 5
7168 5
7169 2
7170 7
7171 2
7172 3
7173 7
7174 3
7175 2
7176 2
7177 3
7178 7
7179 2
7180 0
7181 2
7182 5
7183 2
7184 7
7185 3
7186 2
7187 3
7188 2
7189 3
7190 7
7191 1
7192 3
7193 5
7194 0
7195 7
7196 2
7197 2
7198 2
7199 2
7200 7
7201 2
7202 2
7203 2
7204 1
7205 2
7206 7
7207 7
7208 7
7209 2
7210 7
7211 1
7212 2
7213 7
7214 7
7215 7
7216 7
7217 7
7218 7
7219 2
7220 7
7221 2
7222 2
7223 7
7224 3
7225 2
7226 2
7227 2
7228 2
7229 1
7230 5
7231 2
7232 2
7233 2
7234 1
7235 1
7236 2
7237 2
7238 2
7239 2
7240 7
7241 7
7242 1
7243 2
7244 2
7245 2
7246 4
7247 2
7248 7
7249 2
7250 7
7251 7
7252 2
7253 2
7254 7
7255 6
7256 3
7257 3
7258 3
7259 2
7260 5
7261 4
7262 2
7263 7
7264 1
7265 7
7266 7
7267 7
7268 7
7269 3
7270 7
7271 2
7272 2
7273 2
7274 7
7275 5
7276 2
7277 3
7278 7
7279 7
7280 2
7281 3
7282 4
7283 2
7284 2
7285 2
7286 0
7287 2
7288 7
7289 3
7290 2
7291 3
7292 2
7293 2
7294 7
7295 1
7296 5
7297 5
7298 7
7299 6
7300 1
7301 3
7302 7
7303 2
7304 7
7305 3
7306 3
7307 2
7308 3
7309 2
7310 5
7311 3
7312 2
7313 4
7314 2
7315 0
7316 3
7317 2
7318 2
7319 2
7320 2
7321 2
7322 7
7323 6
7324 3
7325 2
7326 5
7327 7
7328 5
7329 2
7330 7
7331 2
7332 2
7333 7
7334 7
7335 7
7336 7
7337 5
7338 7
7339 5
7340 7
7341 7
7342 7
7343 7
7344 2
7345 4
7346 1
7347 3
7348 2
7349 2
7350 7
7351 6
7352 5
7353 7
7354 2
7355 3
7356 7
7357 7
7358 7
7359 7
7360 2
7361 7
7362 5
7363 1
7364 7
7365 5
7366 2
7367 2
7368 2
7369 3
7370 1
7371 0
7372 2
7373 7
7374 2
7375 2
7376 3
7377 3
7378 5
7379 3
7380 2
7381 3
7382 2
7383 5
7384 4
7385 3
7386 2
7387 3
7388 3
7389 3
7390 7
7391 2
7392 3
7393 2
7394 7
7395 7
7396 7
7397 2
7398 3
7399 2
7400 2
7401 7
7402 2
7403 2
7404 2
7405 0
7406 1
7407 2
7408 3
7409 7
7410 2
7411 5
7412 7
7413 2
7414 2
7415 7
7416 2
7417 7
7418 4
7419 5
7420 2
7421 5
7422 2
7423 2
7424 6
7425 1
7426 1
7427 5
7428 2
7429 7
7430 7
7431 7
7432 3
7433 0
7434 7
7435 2
7436 7
7437 2
7438 3
7439 2
7440 7
7441 1
7442 2
7443 2
7444 5
7445 3
7446 2
7447 5
7448 2
7449 2
7450 2
7451 3
7452 7
7453 5
7454 2
7455 5
7456 2
7457 2
7458 4
7459 2
7460 7
7461 2
7462 3
7463 2
7464 2
7465 7
7466 3
7467 5
7468 2
7469 7
7470 3
7471 3
7472 5
7473 5
7474 3
7475 1
7476 2
7477 3
7478 7
7479 7
7480 2
7481 3
7482 3
7483 7
7484 2
7485 7
7486 3
7487 3
7488 2
7489 2
7490 7
7491 3
7492 3
7493 2
7494 2
7495 2
7496 2
7497 7
7498 2
7499 7
7500 7
7501 3
7502 2
7503 2
7504 2
7505 2
7506 5
7507 7
7508 7
7509 7
7510 2
7511 2
7512 7
7513 7
7514 2
7515 3
7516 1
7517 1
7518 3
7519 1
7520 7
7521 2
7522 7
7523 1
7524 5
7525 3
7526 2
7527 2
7528 7
7529 2
7530 7
7531 2
7532 2
7533 2
7534 2
7535 1
7536 2
7537 2
7538 2
7539 5
7540 7
7541 2
7542 2
7543 2
7544 2
7545 7
7546 5
7547 3
7548 5
7549 2
7550 3
7551 7
7552 2
7553 7
7554 2
7555 2
7556 2
7557 7
7558 3
7559 3
7560 7
7561 7
7562 2
7563 5
7564 3
7565 2
7566 7
7567 2
7568 3
7569 2
7570 2
7571 2
7572 3
7573 2
7574 2
7575 2
7576 7
7577 1
7578 3
7579 7
7580 7
7581 5
7582 1
7583 3
7584 2
7585 7
7586 2
7587 4
7588 5
7589 5
7590 2
7591 3
7592 2
7593 2
7594 2
7595 2
7596 6
7597 5
7598 3
7599 3
7600 7
7601 7
7602 7
7603 3
7604 2
7605 2
7606 2
7607 7
7608 3
7609 3
7610 2
7611 7
7612 2
7613 2
7614 5
7615 3
7616 7
7617 3
7618 7
7619 2
7620 2
7621 2
7622 7
7623 7
7624 2
7625 5
7626 7
7627 2
7628 2
7629 5
7630 4
7631 2
7632 2
7633 7
7634 3
7635 3
7636 2
7637 2
7638 2
7639 1
7640 2
7641 2
7642 3
7643 2
7644 1
7645 3
7646 2
7647 7
7648 1
7649 7
7650 2
7651 2
7652 2
7653 2
7654 2
7655 2
7656 5
7657 7
7658 1
7659 2
7660 3
7661 2
7662 7
7663 2
7664 2
7665 5
7666 0
7667 5
7668 2
7669 3
7670 1
7671 2
7672 5
7673 5
7674 3
7675 2
7676 5
7677 3
7678 2
7679 7
7680 2
7681 3
7682 5
7683 2
7684 2
7685 2
7686 3
7687 2
7688 7
7689 7
7690 2
7691 7
7692 5
7693 2
7694 2
7695 7
7696 2
7697 2
7698 2
7699 2
7700 2
7701 2
7702 3
7703 7
7704 2
7705 2
7706 0
7707 5
7708 2
7709 7
7710 2
7711 2
7712 3
7713 5
7714 7
7715 2
7716 5
7717 7
7718 5
7719 7
7720 2
7721 1
7722 5
7723 7
7724 2
7725 5
7726 2
7727 1
7728 4
7729 2
7730 5
7731 3
7732 2
7733 3
7734 3
7735 5
7736 2
7737 3
7738 5
7739 2
7740 2
7741 2
7742 3
7743 4
7744 5
7745 2
7746 2
7747 5
7748 5
7749 3
7750 7
7751 7
7752 2
7753 7
7754 5
7755 2
7756 7
7757 4
7758 2
7759 2
7760 7
7761 7
7762 0
7763 2
7764 7
7765 3
7766 2
7767 2
7768 7
7769 2
7770 6
7771 7
7772 5
7773 7
7774 3
7775 7
7776 3
7777 7
7778 5
7779 2
7780 7
7781 3
7782 0
7783 2
7784 3
7785 5
7786 5
7787 2
7788 3
7789 1
7790 3
7791 3
7792 7
7793 2
7794 2
7795 7
7796 7
7797 7
7798 4
7799 5
7800 7
7801 2
7802 7
7803 2
7804 3
7805 3
7806 7
7807 7
7808 3
7809 4
7810 3
7811 7
7812 3
7813 2
7814 7
7815 7
7816 1
7817 1
7818 5
7819 2
7820 2
7821 7
7822 2
7823 1
7824 7
7825 2
7826 3
7827 7
7828 7
7829 7
7830 7
7831 7
7832 2
7833 2
7834 3
7835 2
7836 1
7837 3
7838 7
7839 5
7840 2
7841 3
7842 7
7843 3
7844 7
7845 1
7846 4
7847 3
7848 1
7849 3
7850 2
7851 5
7852 7
7853 7
7854 2
7855 7
7856 7
7857 7
7858 7
7859 2
7860 7
7861 5
7862 7
7863 5
7864 2
7865 2
7866 7
7867 1
7868 4
7869 2
7870 2
7871 4
7872 3
7873 4
7874 1
7875 2
7876 7
7877 2
7878 3
7879 7
7880 7
7881 4
7882 5
7883 2
7884 3
7885 7
7886 3
7887 2
7888 7
7889 2
7890 5
7891 7
7892 2
7893 5
7894 3
7895 3
7896 7
7897 1
7898 3
7899 2
7900 2
7901 1
7902 0
7903 5
7904 7
7905 7
7906 6
7907 2
7908 7
7909 3
7910 7
7911 2
7912 3
7913 7
7914 2
7915 1
7916 2
7917 7
7918 5
7919 5
7920 5
7921 3
7922 7
7923 5
7924 7
7925 7
7926 2
7927 7
7928 2
7929 2
7930 5
7931 5
7932 2
7933 7
7934 1
7935 0
7936 2
7937 2
7938 5
7939 7
7940 7
7941 5
7942 5
7943 5
7944 2
7945 3
7946 5
7947 7
7948 0
7949 2
7950 4
7951 7
7952 3
7953 0
7954 5
7955 3
7956 2
7957 5
7958 4
7959 2
7960 2
7961 2
7962 2
7963 7
7964 3
7965 5
7966 2
7967 7
7968 7
7969 2
7970 7
7971 7
7972 7
7973 7
7974 5
7975 2
7976 0
7977 3
7978 1
7979 2
7980 0
7981 3
7982 0
7983 4
7984 2
7985 7
7986 2
7987 3
7988 7
7989 7
7990 7
7991 2
7992 2
7993 2
7994 3
7995 5
7996 7
7997 7
7998 7
7999 7
8000 3
8001 2
8002 3
8003 7
8004 1
8005 4
8006 2
8007 3
8008 5
8009 7
8010 7
8011 7
8012 2
8013 7
8014 1
8015 2
8016 5
8017 2
8018 5
8019 7
8020 5
8021 7
8022 2
8023 2
8024 2
8025 7
8026 2
8027 2
8028 5
8029 2
8030 2
8031 2
8032 7
8033 5
8034 2
8035 0
8036 2
8037 5
8038 2
8039 5
8040 2
8041 2
8042 3
8043 2
8044 7
8045 3
8046 7
8047 7
8048 7
8049 2
8050 7
8051 7
8052 2
8053 2
8054 4
8055 2
8056 2
8057 2
8058 2
8059 7
8060 4
8061 2
8062 2
8063 2
8064 2
8065 7
8066 2
8067 2
8068 7
8069 2
8070 3
8071 3
8072 3
8073 2
8074 2
8075 2
8076 5
8077 7
8078 5
8079 3
8080 7
8081 7
8082 5
8083 3
8084 7
8085 3
8086 1
8087 7
8088 7
8089 7
8090 2
8091 7
8092 3
8093 2
8094 2
8095 2
8096 7
8097 2
8098 2
8099 2
8100 1
8101 2
8102 7
8103 1
8104 5
8105 5
8106 7
8107 2
8108 2
8109 2
8110 2
8111 7
8112 2
8113 2
8114 7
8115 7
8116 3
8117 7
8118 4
8119 2
8120 3
8121 7
8122 7
8123 2
8124 3
8125 2
8126 2
8127 2
8128 5
8129 2
8130 1
8131 3
8132 7
8133 7
8134 2
8135 3
8136 2
8137 2
8138 2
8139 4
8140 3
8141 7
8142 3
8143 7
8144 5
8145 3
8146 3
8147 7
8148 2
8149 2
8150 1
8151 7
8152 0
8153 2
8154 2
8155 3
8156 3
8157 1
8158 3
8159 7
8160 7
8161 2
8162 7
8163 2
8164 5
8165 2
8166 2
8167 7
8168 2
8169 3
8170 2
8171 5
8172 1
8173 3
8174 5
8175 3
8176 7
8177 2
8178 5
8179 2
8180 2
8181 2
8182 7
8183 1
8184 5
8185 5
8186 3
8187 1
8188 2
8189 2
8190 3
8191 2
8192 2
8193 2
8194 3
8195 3
8196 2
8197 2
8198 2
8199 2
8200 4
8201 2
8202 2
8203 4
8204 7
8205 1
8206 0
8207 7
8208 2
8209 2
8210 7
8211 2
8212 2
8213 2
8214 2
8215 1
8216 7
8217 2
8218 2
8219 1
8220 2
8221 2
8222 5
8223 2
8224 3
8225 3
8226 7
8227 7
8228 2
8229 5
8230 1
8231 2
8232 6
8233 7
8234 1
8235 3
8236 7
8237 7
8238 0
8239 7
8240 3
8241 7
8242 7
8243 7
8244 2
8245 3
8246 7
8247 7
8248 3
8249 3
8250 2
8251 2
8252 0
8253 7
8254 7
8255 2
8256 2
8257 1
8258 5
8259 7
8260 7
8261 5
8262 2
8263 2
8264 3
8265 2
8266 1
8267 7
8268 5
8269 2
8270 3
8271 3
8272 7
8273 7
8274 3
8275 2
8276 1
8277 2
8278 0
8279 2
8280 7
8281 7
8282 2
8283 7
8284 7
8285 2
8286 2
8287 3
8288 5
8289 3
8290 2
8291 2
8292 7
8293 7
8294 5
8295 2
8296 2
8297 1
8298 1
8299 6
8300 2
8301 1
8302 7
8303 2
8304 2
8305 2
8306 3
8307 2
8308 7
8309 7
8310 7
8311 7
8312 7
8313 3
8314 2
8315 3
8316 2
8317 2
8318 3
8319 2
8320 2
8321 7
8322 2
8323 7
8324 7
8325 7
8326 2
8327 2
8328 7
8329 2
8330 2
8331 5
8332 7
8333 7
8334 5
8335 1
8336 5
8337 5
8338 1
8339 2
8340 7
8341 7
8342 2
8343 3
8344 2
8345 3
8346 2
8347 7
8348 7
8349 2
8350 2
8351 2
8352 2
8353 2
8354 7
8355 0
8356 3
8357 3
8358 5
8359 3
8360 7
8361 2
8362 2
8363 3
8364 2
8365 7
8366 2
8367 2
8368 3
8369 5
8370 2
8371 2
8372 7
8373 2
8374 2
8375 7
8376 2
8377 1
8378 2
8379 2
8380 7
8381 3
8382 5
8383 7
8384 2
8385 3
8386 7
8387 7
8388 2
8389 1
8390 2
8391 3
8392 5
8393 2
8394 7
8395 7
8396 7
8397 2
8398 7
8399 3
8400 2
8401 7
8402 5
8403 7
8404 3
8405 2
8406 2
8407 3
8408 1
8409 7
8410 7
8411 2
8412 3
8413 2
8414 5
8415 7
8416 7
8417 2
8418 2
8419 2
8420 7
8421 2
8422 2
8423 7
8424 2
8425 7
8426 7
8427 0
8428 2
8429 3
8430 0
8431 2
8432 2
8433 7
8434 7
8435 7
8436 3
8437 7
8438 5
8439 0
8440 2
8441 7
8442 3
8443 2
8444 2
8445 3
8446 2
8447 2
8448 0
8449 5
8450 2
8451 7
8452 1
8453 5
8454 1
8455 3
8456 0
8457 5
8458 2
8459 7
8460 6
8461 1
8462 0
8463 5
8464 2
8465 2
8466 2
8467 7
8468 5
8469 7
8470 7
8471 2
8472 2
8473 3
8474 2
8475 3
8476 7
8477 2
8478 2
8479 3
8480 2
8481 0
8482 7
8483 2
8484 1
8485 5
8486 2
8487 2
8488 3
8489 2
8490 2
8491 2
8492 2
8493 2
8494 7
8495 2
8496 3
8497 2
8498 2
8499 2
8500 3
8501 2
8502 7
8503 2
8504 1
8505 7
8506 3
8507 1
8508 3
8509 7
8510 3
8511 3
8512 7
8513 7
8514 2
8515 2
8516 5
8517 7
8518 2
8519 7
8520 5
8521 2
8522 7
8523 5
8524 2
8525 4
8526 1
8527 7
8528 7
8529 3
8530 2
8531 2
8532 7
8533 7
8534 7
8535 2
8536 1
8537 1
8538 3
8539 1
8540 0
8541 5
8542 5
8543 3
8544 5
8545 3
8546 2
8547 2
8548 7
8549 7
8550 0
8551 5
8552 2
8553 2
8554 2
8555 5
8556 7
8557 2
8558 2
8559 7
8560 3
8561 2
8562 3
8563 5
8564 2
8565 2
8566 7
8567 5
8568 3
8569 2
8570 7
8571 0
8572 2
8573 2
8574 2
8575 2
8576 2
8577 2
8578 3
8579 2
8580 3
8581 7
8582 3
8583 5
8584 7
8585 6
8586 3
8587 1
8588 7
8589 1
8590 2
8591 7
8592 3
8593 3
8594 2
8595 4
8596 7
8597 2
8598 1
8599 5
8600 2
8601 3
8602 2
8603 2
8604 4
8605 7
8606 2
8607 4
8608 7
8609 2
8610 2
8611 3
8612 7
8613 5
8614 5
8615 2
8616 7
8617 2
8618 3
8619 2
8620 7
8621 2
8622 2
8623 7
8624 2
8625 7
8626 2
8627 5
8628 2
8629 3
8630 7
8631 2
8632 2
8633 1
8634 2
8635 4
8636 2
8637 2
8638 7
8639 7
8640 2
8641 7
8642 0
8643 7
8644 3
8645 7
8646 2
8647 1
8648 2
8649 1
8650 3
8651 5
8652 7
8653 7
8654 2
8655 3
8656 6
8657 7
8658 2
8659 2
8660 7
8661 7
8662 5
8663 7
8664 1
8665 2
8666 7
8667 7
8668 7
8669 1
8670 3
8671 1
8672 2
8673 3
8674 5
8675 7
8676 2
8677 7
8678 7
8679 2
8680 3
8681 5
8682 7
8683 2
8684 3
8685 2
8686 1
8687 7
8688 7
8689 3
8690 7
8691 2
8692 7
8693 7
8694 7
8695 7
8696 5
8697 3
8698 2
8699 7
8700 2
8701 2
8702 2
8703 7
8704 7
8705 3
8706 3
8707 2
8708 2
8709 5
8710 2
8711 2
8712 2
8713 2
8714 3
8715 7
8716 2
8717 5
8718 7
8719 3
8720 3
8721 7
8722 5
8723 1
8724 2
8725 7
8726 2
8727 7
8728 7
8729 7
8730 7
8731 7
8732 7
8733 2
8734 2
8735 2
8736 7
8737 2
8738 2
8739 7
8740 2
8741 4
8742 3
8743 5
8744 2
8745 3
8746 7
8747 2
8748 2
8749 7
8750 0
8751 2
8752 3
8753 3
8754 7
8755 3
8756 7
8757 3
8758 3
8759 2
8760 7
8761 2
8762 2
8763 2
8764 5
8765 5
8766 2
8767 7
8768 7
8769 7
8770 7
8771 5
8772 7
8773 7
8774 2
8775 2
8776 7
8777 2
8778 3
8779 3
8780 2
8781 1
8782 2
8783 3
8784 5
8785 2
8786 5
8787 3
8788 0
8789 2
8790 3
8791 5
8792 2
8793 4
8794 2
8795 5
8796 2
8797 2
8798 3
8799 2
8800 2
8801 3
8802 5
8803 2
8804 5
8805 7
8806 7
8807 7
8808 5
8809 7
8810 3
8811 2
8812 3
8813 7
8814 5
8815 0
8816 3
8817 7
8818 5
8819 7
8820 2
8821 0
8822 0
8823 3
8824 2
8825 7
8826 2
8827 7
8828 7
8829 7
8830 7
8831 4
8832 3
8833 2
8834 7
8835 2
8836 2
8837 0
8838 7
8839 2
8840 2
8841 1
8842 3
8843 5
8844 2
8845 7
8846 2
8847 7
8848 3
8849 2
8850 3
8851 5
8852 5
8853 2
8854 5
8855 7
8856 7
8857 2
8858 5
8859 7
8860 7
8861 7
8862 3
8863 2
8864 7
8865 2
8866 7
8867 3
8868 7
8869 2
8870 2
8871 0
8872 1
8873 5
8874 2
8875 7
8876 3
8877 2
8878 2
8879 7
8880 2
8881 2
8882 5
8883 3
8884 2
8885 2
8886 7
8887 7
8888 7
8889 7
8890 3
8891 7
8892 7
8893 7
8894 7
8895 3
8896 2
8897 7
8898 2
8899 2
8900 2
8901 2
8902 7
8903 2
8904 7
8905 4
8906 2
8907 3
8908 7
8909 2
8910 3
8911 7
8912 7
8913 3
8914 7
8915 2
8916 2
8917 2
8918 1
8919 3
8920 7
8921 5
8922 2
8923 1
8924 2
8925 2
8926 7
8927 2
8928 1
8929 2
8930 3
8931 5
8932 0
8933 3
8934 5
8935 3
8936 5
8937 2
8938 7
8939 2
8940 2
8941 2
8942 7
8943 1
8944 2
8945 3
8946 1
8947 2
8948 3
8949 7
8950 7
8951 2
8952 1
8953 2
8954 1
8955 5
8956 2
8957 2
8958 3
8959 7
8960 2
8961 7
8962 2
8963 3
8964 2
8965 3
8966 2
8967 7
8968 2
8969 7
8970 3
8971 7
8972 2
8973 3
8974 5
8975 2
8976 1
8977 7
8978 7
8979 7
8980 2
8981 3
8982 2
8983 2
8984 2
8985 0
8986 3
8987 5
8988 7
8989 7
8990 0
8991 7
8992 7
8993 1
8994 4
8995 7
8996 7
8997 5
8998 5
8999 1
9000 7
9001 7
9002 2
9003 4
9004 7
9005 7
9006 7
9007 2
9008 7
9009 7
9010 2
9011 2
9012 2
9013 7
9014 3
9015 7
9016 7
9017 2
9018 2
9019 7
9020 7
9021 7
9022 7
9023 5
9024 2
9025 5
9026 7
9027 7
9028 2
9029 3
9030 2
9031 2
9032 5
9033 4
9034 7
9035 2
9036 7
9037 7
9038 2
9039 5
9040 4
9041 2
9042 2
9043 1
9044 7
9045 7
9046 7
9047 7
9048 7
9049 7
9050 3
9051 2
9052 2
9053 2
9054 2
9055 7
9056 2
9057 2
9058 3
9059 7
9060 5
9061 3
9062 7
9063 2
9064 2
9065 2
9066 0
9067 2
9068 5
9069 2
9070 7
9071 7
9072 0
9073 4
9074 3
9075 2
9076 2
9077 3
9078 3
9079 2
9080 2
9081 5
9082 2
9083 5
9084 7
9085 2
9086 2
9087 0
9088 2
9089 2
9090 7
9091 5
9092 2
9093 3
9094 2
9095 3
9096 2
9097 7
9098 2
9099 7
9100 2
9101 5
9102 5
9103 7
9104 7
9105 7
9106 7
9107 7
9108 2
9109 1
9110 2
9111 2
9112 5
9113 0
9114 2
9115 4
9116 2
9117 2
9118 2
9119 4
9120 7
9121 2
9122 5
9123 2
9124 7
9125 7
9126 3
9127 3
9128 2
9129 2
9130 1
9131 7
9132 2
9133 7
9134 7
9135 7
9136 0
9137 5
9138 2
9139 2
9140 2
9141 5
9142 7
9143 3
9144 2
9145 2
9146 5
9147 2
9148 2
9149 2
9150 7
9151 2
9152 7
9153 7
9154 5
9155 7
9156 7
9157 3
9158 3
9159 2
9160 5
9161 0
9162 1
9163 2
9164 2
9165 4
9166 7
9167 7
9168 7
9169 1
9170 2
9171 3
9172 7
9173 2
9174 2
9175 2
9176 3
9177 2
9178 2
9179 7
9180 2
9181 3
9182 5
9183 3
9184 2
9185 3
9186 1
9187 7
9188 3
9189 3
9190 7
9191 7
9192 2
9193 2
9194 2
9195 3
9196 3
9197 7
9198 3
9199 3
9200 5
9201 2
9202 1
9203 2
9204 7
9205 7
9206 3
9207 2
9208 0
9209 2
9210 2
9211 7
9212 7
9213 7
9214 4
9215 5
9216 2
9217 2
9218 7
9219 5
9220 2
9221 7
9222 2
9223 2
9224 1
9225 2
9226 3
9227 7
9228 7
9229 2
9230 2
9231 3
9232 7
9233 3
9234 5
9235 2
9236 2
9237 3
9238 5
9239 1
9240 7
9241 2
9242 7
9243 2
9244 3
9245 7
9246 7
9247 2
9248 3
9249 7
9250 3
9251 7
9252 1
9253 2
9254 3
9255 5
9256 2
9257 3
9258 7
9259 1
9260 1
9261 1
9262 1
9263 3
9264 2
9265 3
9266 2
9267 2
9268 2
9269 2
9270 2
9271 4
9272 7
9273 2
9274 2
9275 2
9276 2
9277 2
9278 5
9279 3
9280 2
9281 7
9282 7
9283 7
9284 3
9285 7
9286 7
9287 7
9288 3
9289 7
9290 0
9291 2
9292 2
9293 2
9294 3
9295 7
9296 2
9297 2
9298 4
9299 7
9300 3
9301 1
9302 2
9303 2
9304 2
9305 2
9306 2
9307 3
9308 7
9309 5
9310 5
9311 7
9312 1
9313 5
9314 5
9315 3
9316 2
9317 2
9318 2
9319 3
9320 5
9321 3
9322 7
9323 1
9324 2
9325 5
9326 1
9327 2
9328 3
9329 3
9330 2
9331 3
9332 2
9333 2
9334 3
9335 2
9336 2
9337 3
9338 7
9339 1
9340 2
9341 1
9342 7
9343 2
9344 2
9345 7
9346 2
9347 3
9348 3
9349 1
9350 3
9351 7
9352 2
9353 0
9354 2
9355 7
9356 2
9357 2
9358 3
9359 1
9360 7
9361 7
9362 7
9363 2
9364 2
9365 7
9366 1
9367 2
9368 7
9369 2
9370 2
9371 3
9372 2
9373 2
9374 2
9375 7
9376 2
9377 4
9378 2
9379 2
9380 7
9381 7
9382 7
9383 2
9384 2
9385 5
9386 2
9387 2
9388 5
9389 1
9390 2
9391 2
9392 3
9393 3
9394 3
9395 7
9396 2
9397 3
9398 2
9399 2
9400 2
9401 2
9402 2
9403 4
9404 3
9405 7
9406 7
9407 7
9408 7
9409 2
9410 2
9411 7
9412 7
9413 5
9414 2
9415 2
9416 3
9417 2
9418 7
9419 7
9420 5
9421 7
9422 7
9423 3
9424 7
9425 7
9426 2
9427 7
9428 2
9429 2
9430 3
9431 7
9432 2
9433 1
9434 2
9435 1
9436 2
9437 2
9438 7
9439 7
9440 3
9441 2
9442 3
9443 7
9444 7
9445 7
9446 5
9447 1
9448 3
9449 3
9450 5
9451 7
9452 2
9453 2
9454 2
9455 2
9456 7
9457 2
9458 7
9459 2
9460 1
9461 0
9462 5
9463 2
9464 3
9465 1
9466 7
9467 2
9468 2
9469 2
9470 2
9471 7
9472 5
9473 3
9474 2
9475 5
9476 2
9477 2
9478 3
9479 5
9480 2
9481 7
9482 2
9483 5
9484 2
9485 5
9486 2
9487 2
9488 3
9489 7
9490 7
9491 2
9492 7
9493 7
9494 7
9495 7
9496 2
9497 2
9498 5
9499 0
9500 2
9501 2
9502 2
9503 2
9504 2
9505 2
9506 3
9507 3
9508 5
9509 7
9510 3
9511 7
9512 2
9513 2
9514 0
9515 3
9516 2
9517 3
9518 7
9519 3
9520 7
9521 7
9522 2
9523 7
9524 0
9525 4
9526 5
9527 7
9528 0
9529 5
9530 5
9531 7
9532 2
9533 5
9534 2
9535 1
9536 4
9537 4
9538 2
9539 7
9540 5
9541 7
9542 3
9543 2
9544 1
9545 2
9546 3
9547 4
9548 5
9549 2
9550 2
9551 7
9552 7
9553 2
9554 2
9555 2
9556 1
9557 3
9558 5
9559 2
9560 2
9561 3
9562 2
9563 2
9564 2
9565 7
9566 2
9567 3
9568 3
9569 7
9570 7
9571 7
9572 2
9573 1
9574 2
9575 0
9576 5
9577 2
9578 7
9579 2
9580 2
9581 3
9582 1
9583 2
9584 3
9585 2
9586 7
9587 7
9588 2
9589 5
9590 3
9591 2
9592 5
9593 2
9594 3
9595 5
9596 2
9597 1
9598 3
9599 7
9600 2
9601 7
9602 7
9603 2
9604 3
9605 7
9606 7
9607 7
9608 3
9609 2
9610 7
9611 3
9612 4
9613 2
9614 5
9615 7
9616 7
9617 1
9618 7
9619 5
9620 1
9621 2
9622 2
9623 1
9624 5
9625 3
9626 7
9627 5
9628 3
9629 2
9630 2
9631 7
9632 5
9633 2
9634 2
9635 2
9636 2
9637 1
9638 1
9639 2
9640 3
9641 1
9642 2
9643 4
9644 7
9645 5
9646 2
9647 2
9648 7
9649 2
9650 7
9651 2
9652 7
9653 7
9654 7
9655 3
9656 2
9657 3
9658 1
9659 2
9660 2
9661 3
9662 2
9663 7
9664 7
9665 1
9666 2
9667 3
9668 3
9669 2
9670 2
9671 4
9672 7
9673 1
9674 2
9675 2
9676 5
9677 2
9678 3
9679 3
9680 2
9681 2
9682 2
9683 3
9684 7
9685 3
9686 2
9687 2
9688 3
9689 5
9690 2
9691 5
9692 2
9693 1
9694 3
9695 5
9696 2
9697 2
9698 7
9699 7
9700 3
9701 2
9702 2
9703 7
9704 2
9705 2
9706 2
9707 3
9708 2
9709 3
9710 7
9711 3
9712 4
9713 3
9714 3
9715 5
9716 2
9717 7
9718 7
9719 3
9720 7
9721 1
9722 3
9723 7
9724 2
9725 7
9726 2
9727 1
9728 2
9729 5
9730 2
9731 2
9732 3
9733 1
9734 1
9735 1
9736 2
9737 2
9738 7
9739 7
9740 7
9741 7
9742 7
9743 2
9744 2
9745 7
9746 7
9747 3
9748 7
9749 7
9750 7
9751 3
9752 7
9753 7
9754 3
9755 7
9756 7
9757 2
9758 7
9759 7
9760 3
9761 3
9762 2
9763 2
9764 5
9765 7
9766 2
9767 7
9768 3
9769 2
9770 7
9771 3
9772 5
9773 7
9774 2
9775 0
9776 2
9777 3
9778 7
9779 7
9780 3
9781 7
9782 1
9783 2
9784 1
9785 1
9786 7
9787 2
9788 7
9789 2
9790 2
9791 2
9792 2
9793 2
9794 2
9795 1
9796 3
9797 5
9798 2
9799 2
9800 3
9801 3
9802 2
9803 2
9804 2
9805 1
9806 2
9807 5
9808 2
9809 1
9810 7
9811 7
9812 7
9813 7
9814 2
9815 7
9816 7
9817 3
9818 3
9819 2
9820 2
9821 2
9822 7
9823 3
9824 3
9825 7
9826 2
9827 7
9828 2
9829 3
9830 2
9831 4
9832 7
9833 1
9834 7
9835 7
9836 2
9837 2
9838 2
9839 2
9840 5
9841 7
9842 3
9843 2
9844 2
9845 0
9846 1
9847 5
9848 2
9849 2
9850 1
9851 7
9852 2
9853 7
9854 7
9855 7
9856 3
9857 7
9858 5
9859 1
9860 3
9861 1
9862 2
9863 5
9864 7
9865 2
9866 2
9867 7
9868 7
9869 2
9870 7
9871 3
9872 3
9873 7
9874 2
9875 5
9876 2
9877 2
9878 2
9879 5
9880 5
9881 5
9882 5
9883 7
9884 7
9885 2
9886 7
9887 3
9888 7
9889 7
9890 2
9891 2
9892 3
9893 0
9894 3
9895 3
9896 2
9897 7
9898 3
9899 2
9900 3
9901 2
9902 7
9903 5
9904 7
9905 3
9906 2
9907 5
9908 2
9909 5
9910 7
9911 2
9912 2
9913 7
9914 2
9915 3
9916 2
9917 5
9918 7
9919 7
9920 2
9921 2
9922 1
9923 2
9924 3
9925 2
9926 2
9927 7
9928 2
9929 2
9930 1
9931 3
9932 3
9933 2
9934 0
9935 2
9936 7
9937 1
9938 2
9939 2
9940 2
9941 7
9942 2
9943 2
9944 2
9945 3
9946 7
9947 7
9948 2
9949 7
9950 7
9951 7
9952 3
9953 2
9954 2
9955 5
9956 7
9957 7
9958 7
9959 2
9960 0
9961 5
9962 7
9963 2
9964 2
9965 5
9966 2
9967 3
9968 5
9969 3
9970 3
9971 1
9972 2
9973 2
9974 2
9975 0
9976 3
9977 2
9978 7
9979 2
9980 2
9981 7
9982 7
9983 7
9984 5
9985 7
9986 7
9987 5
9988 7
9989 2
9990 2
9991 7
9992 2
9993 2
9994 2
9995 3
9996 7
9997 0
9998 2
9999 4
10000 2
10001 2
10002 3
10003 5
10004 1
10005 1
10006 2
10007 5
10008 2
10009 7
10010 5
10011 2
10012 3
10013 2
10014 3
10015 3
10016 7
10017 1
10018 7
10019 7
10020 7
10021 1
10022 2
10023 2
10024 7
10025 2
10026 2
10027 2
10028 5
10029 3
10030 2
10031 3
10032 1
10033 0
10034 2
10035 3
10036 3
10037 5
10038 7
10039 1
10040 0
10041 3
10042 2
10043 2
10044 2
10045 2
10046 3
10047 2
10048 2
10049 2
10050 2
10051 3
10052 2
10053 5
10054 5
10055 2
10056 7
10057 2
10058 5
10059 3
10060 5
10061 7
10062 7
10063 2
10064 5
10065 0
10066 3
10067 2
10068 7
10069 1
10070 2
10071 2
10072 0
10073 7
10074 7
10075 2
10076 2
10077 2
10078 2
10079 2
10080 2
10081 0
10082 3
10083 3
10084 2
10085 5
10086 7
10087 7
10088 5
10089 7
10090 2
10091 2
10092 2
10093 2
10094 7
10095 3
10096 3
10097 7
10098 2
10099 5
10100 2
10101 2
10102 0
10103 2
10104 1
10105 3
10106 2
10107 2
10108 2
10109 2
10110 2
10111 7
10112 7
10113 3
10114 4
10115 1
10116 2
10117 2
10118 2
10119 3
10120 2
10121 7
10122 7
10123 7
10124 1
10125 3
10126 3
10127 5
10128 2
10129 5
10130 2
10131 2
10132 5
10133 7
10134 5
10135 2
10136 7
10137 7
10138 2
10139 7
10140 2
10141 2
10142 2
10143 7
10144 2
10145 2
10146 2
10147 2
10148 2
10149 2
10150 4
10151 2
10152 2
10153 7
10154 5
10155 2
10156 7
10157 7
10158 7
10159 3
10160 1
10161 5
10162 2
10163 2
10164 3
10165 6
10166 7
10167 2
10168 2
10169 2
10170 3
10171 7
10172 2
10173 7
10174 3
10175 2
10176 2
10177 7
10178 2
10179 7
10180 2
10181 2
10182 7
10183 5
10184 2
10185 2
10186 7
10187 7
10188 5
10189 5
10190 3
10191 7
10192 7
10193 7
10194 2
10195 7
10196 5
10197 5
10198 7
10199 1
10200 4
10201 2
10202 2
10203 7
10204 2
10205 7
10206 3
10207 7
10208 1
10209 2
10210 4
10211 2
10212 0
10213 2
10214 2
10215 2
10216 2
10217 2
10218 7
10219 7
10220 2
10221 2
10222 7
10223 7
10224 7
10225 7
10226 7
10227 2
10228 7
10229 2
10230 7
10231 2
10232 2
10233 2
10234 7
10235 2
10236 2
10237 3
10238 3
10239 0
10240 3
10241 6
10242 3
10243 7
10244 2
10245 7
10246 7
10247 3
10248 7
10249 2
10250 7
10251 1
10252 2
10253 2
10254 5
10255 3
10256 2
10257 2
10258 7
10259 4
10260 2
10261 1
10262 2
10263 1
10264 2
10265 7
10266 2
10267 2
10268 4
10269 7
10270 3
10271 3
10272 2
10273 2
10274 7
10275 2
10276 2
10277 2
10278 2
10279 1
10280 7
10281 3
10282 2
10283 2
10284 2
10285 2
10286 3
10287 7
10288 2
10289 2
10290 7
10291 3
10292 3
10293 2
10294 3
10295 3
10296 7
10297 2
10298 2
10299 7
10300 7
10301 2
10302 2
10303 2
10304 2
10305 1
10306 7
10307 7
10308 2
10309 2
10310 7
10311 2
10312 2
10313 2
10314 7
10315 3
10316 7
10317 7
10318 3
10319 7
10320 7
10321 3
10322 7
10323 3
10324 2
10325 2
10326 1
10327 2
10328 7
10329 4
10330 2
10331 2
10332 7
10333 1
10334 7
10335 2
10336 3
10337 2
10338 7
10339 3
10340 5
10341 7
10342 2
10343 2
10344 7
10345 3
10346 7
10347 2
10348 7
10349 1
10350 7
10351 2
10352 1
10353 3
10354 5
10355 7
10356 2
10357 2
10358 7
10359 7
10360 0
10361 3
10362 2
10363 2
10364 2
10365 1
10366 7
10367 2
10368 2
10369 5
10370 3
10371 2
10372 7
10373 2
10374 7
10375 2
10376 3
10377 5
10378 2
10379 5
10380 7
10381 3
10382 7
10383 2
10384 7
10385 2
10386 2
10387 2
10388 0
10389 0
10390 1
10391 3
10392 7
10393 3
10394 3
10395 1
10396 2
10397 1
10398 7
10399 5
10400 0
10401 2
10402 2
10403 3
10404 2
10405 0
10406 3
10407 7
10408 2
10409 0
10410 7
10411 1
10412 7
10413 7
10414 7
10415 0
10416 7
10417 0
10418 7
10419 2
10420 3
10421 7
10422 2
10423 0
10424 2
10425 7
10426 0
10427 2
10428 2
10429 2
10430 7
10431 3
10432 1
10433 3
10434 2
10435 2
10436 3
10437 3
10438 2
10439 3
10440 3
10441 2
10442 7
10443 3
10444 2
10445 2
10446 7
10447 3
10448 7
10449 3
10450 7
10451 7
10452 2
10453 2
10454 4
10455 7
10456 2
10457 7
10458 4
10459 7
10460 7
10461 3
10462 2
10463 3
10464 7
10465 2
10466 7
10467 3
10468 5
10469 7
10470 2
10471 7
10472 5
10473 2
10474 7
10475 3
10476 2
10477 7
10478 2
10479 3
10480 2
10481 1
10482 2
10483 2
10484 7
10485 3
10486 2
10487 2
10488 7
10489 2
10490 2
10491 7
10492 7
10493 3
10494 7
10495 1
10496 7
10497 2
10498 2
10499 3
10500 2
10501 7
10502 2
10503 5
10504 2
10505 1
10506 7
10507 5
10508 3
10509 2
10510 7
10511 7
10512 2
10513 3
10514 3
10515 3
10516 7
10517 2
10518 3
10519 5
10520 3
10521 3
10522 2
10523 7
10524 3
10525 7
10526 2
10527 2
10528 7
10529 3
10530 4
10531 1
10532 3
10533 2
10534 1
10535 2
10536 7
10537 5
10538 7
10539 2
10540 7
10541 2
10542 3
10543 3
10544 2
10545 2
10546 2
10547 7
10548 2
10549 1
10550 2
10551 2
10552 2
10553 5
10554 2
10555 1
10556 2
10557 7
10558 1
10559 7
10560 7
10561 7
10562 7
10563 7
10564 3
10565 4
10566 7
10567 2
10568 2
10569 2
10570 2
10571 7
10572 3
10573 2
10574 7
10575 7
10576 3
10577 3
10578 3
10579 7
10580 2
10581 2
10582 2
10583 7
10584 2
10585 7
10586 2
10587 7
10588 1
10589 5
10590 7
10591 0
10592 7
10593 2
10594 3
10595 4
10596 3
10597 5
10598 5
10599 2
10600 7
10601 1
10602 0
10603 7
10604 2
10605 7
10606 2
10607 2
10608 3
10609 7
10610 3
10611 2
10612 7
10613 3
10614 7
10615 2
10616 2
10617 2
10618 2
10619 2
10620 1
10621 2
10622 2
10623 1
10624 5
10625 2
10626 7
10627 5
10628 2
10629 2
10630 7
10631 3
10632 1
10633 5
10634 2
10635 2
10636 2
10637 7
10638 7
10639 3
10640 2
10641 2
10642 7
10643 3
10644 7
10645 7
10646 7
10647 2
10648 3
10649 2
10650 1
10651 7
10652 2
10653 3
10654 1
10655 4
10656 7
10657 2
10658 2
10659 2
10660 3
10661 1
10662 1
10663 3
10664 7
10665 7
10666 5
10667 0
10668 5
10669 7
10670 1
10671 3
10672 3
10673 5
10674 3
10675 3
10676 5
10677 7
10678 7
10679 1
10680 5
10681 2
10682 3
10683 3
10684 5
10685 3
10686 1
10687 2
10688 2
10689 3
10690 2
10691 7
10692 1
10693 3
10694 2
10695 7
10696 2
10697 7
10698 3
10699 2
10700 7
10701 7
10702 2
10703 2
10704 3
10705 7
10706 2
10707 2
10708 1
10709 4
10710 7
10711 0
10712 2
10713 2
10714 2
10715 2
10716 2
10717 3
10718 2
10719 7
10720 3
10721 2
10722 0
10723 7
10724 7
10725 7
10726 7
10727 3
10728 7
10729 2
10730 5
10731 2
10732 2
10733 2
10734 2
10735 7
10736 2
10737 1
10738 7
10739 2
10740 7
10741 3
10742 2
10743 7
10744 2
10745 2
10746 1
10747 7
10748 7
10749 5
10750 7
10751 2
10752 3
10753 2
10754 2
10755 2
10756 1
10757 2
10758 7
10759 4
10760 0
10761 2
10762 3
10763 2
10764 7
10765 0
10766 7
10767 3
10768 3
10769 2
10770 0
10771 0
10772 7
10773 0
10774 3
10775 0
10776 3
10777 7
10778 3
10779 3
10780 5
10781 2
10782 7
10783 7
10784 2
10785 1
10786 2
10787 2
10788 1
10789 5
10790 2
10791 2
10792 1
10793 7
10794 2
10795 7
10796 4
10797 2
10798 7
10799 2
10800 5
10801 0
10802 3
10803 7
10804 7
10805 7
10806 3
10807 2
10808 2
10809 3
10810 1
10811 2
10812 7
10813 7
10814 2
10815 7
10816 2
10817 7
10818 7
10819 2
10820 7
10821 7
10822 2
10823 5
10824 5
10825 6
10826 5
10827 7
10828 7
10829 2
10830 5
10831 7
10832 1
10833 2
10834 2
10835 7
10836 1
10837 2
10838 7
10839 7
10840 5
10841 3
10842 1
10843 7
10844 2
10845 2
10846 7
10847 2
10848 2
10849 7
10850 7
10851 7
10852 7
10853 2
10854 3
10855 6
10856 2
10857 1
10858 1
10859 7
10860 0
10861 7
10862 2
10863 7
10864 2
10865 3
10866 5
10867 2
10868 7
10869 2
10870 3
10871 5
10872 2
10873 7
10874 2
10875 5
10876 2
10877 3
10878 7
10879 2
10880 5
10881 2
10882 2
10883 7
10884 7
10885 5
10886 7
10887 2
10888 2
10889 3
10890 2
10891 2
10892 7
10893 2
10894 3
10895 3
10896 3
10897 2
10898 7
10899 2
10900 7
10901 2
10902 2
10903 3
10904 2
10905 2
10906 7
10907 2
10908 5
10909 3
10910 7
10911 7
10912 7
10913 3
10914 2
10915 3
10916 2
10917 1
10918 7
10919 7
10920 7
10921 2
10922 7
10923 1
10924 7
10925 1
10926 7
10927 1
10928 2
10929 3
10930 2
10931 3
10932 7
10933 2
10934 3
10935 7
10936 2
10937 2
10938 2
10939 2
10940 5
10941 4
10942 1
10943 7
10944 4
10945 5
10946 2
10947 7
10948 1
10949 0
10950 7
10951 7
10952 2
10953 7
10954 5
10955 5
10956 7
10957 7
10958 2
10959 3
10960 3
10961 2
10962 4
10963 3
10964 1
10965 2
10966 7
10967 7
10968 4
10969 5
10970 7
10971 2
10972 5
10973 2
10974 7
10975 2
10976 5
10977 2
10978 2
10979 4
10980 2
10981 7
10982 7
10983 7
10984 2
10985 7
10986 2
10987 2
10988 1
10989 2
10990 7
10991 1
10992 7
10993 7
10994 7
10995 5
10996 2
10997 7
10998 3
10999 7
11000 7
11001 7
11002 1
11003 3
11004 7
11005 7
11006 7
11007 2
11008 3
11009 2
11010 2
11011 2
11012 2
11013 7
11014 2
11015 7
11016 5
11017 7
11018 2
11019 2
11020 2
11021 5
11022 4
11023 7
11024 2
11025 7
11026 5
11027 7
11028 2
11029 2
11030 1
11031 7
11032 6
11033 1
11034 7
11035 2
11036 2
11037 2
11038 2
11039 1
11040 5
11041 2
11042 2
11043 2
11044 2
11045 5
11046 2
11047 2
11048 7
11049 7
11050 7
11051 7
11052 7
11053 7
11054 7
11055 2
11056 7
11057 2
11058 1
11059 2
11060 2
11061 7
11062 7
11063 1
11064 2
11065 2
11066 2
11067 2
11068 7
11069 2
11070 7
11071 2
11072 7
11073 3
11074 5
11075 1
11076 2
11077 7
11078 2
11079 3
11080 0
11081 2
11082 7
11083 7
11084 2
11085 7
11086 3
11087 3
11088 4
11089 7
11090 2
11091 7
11092 2
11093 3
11094 7
11095 2
11096 6
11097 2
11098 3
11099 5
11100 3
11101 2
11102 7
11103 7
11104 2
11105 1
11106 2
11107 7
11108 2
11109 2
11110 7
11111 7
11112 2
11113 2
11114 2
11115 7
11116 3
11117 1
11118 7
11119 7
11120 3
11121 2
11122 4
11123 7
11124 3
11125 5
11126 1
11127 7
11128 5
11129 7
11130 3
11131 0
11132 2
11133 2
11134 2
11135 7
11136 7
11137 5
11138 1
11139 2
11140 2
11141 3
11142 4
11143 7
11144 2
11145 7
11146 2
11147 3
11148 4
11149 7
11150 7
11151 5
11152 2
11153 7
11154 2
11155 5
11156 3
11157 7
11158 7
11159 2
11160 1
11161 7
11162 1
11163 1
11164 3
11165 7
11166 7
11167 7
11168 2
11169 2
11170 7
11171 2
11172 2
11173 2
11174 3
11175 7
11176 2
11177 7
11178 3
11179 5
11180 5
11181 7
11182 1
11183 7
11184 7
11185 7
11186 7
11187 7
11188 1
11189 2
11190 3
11191 2
11192 6
11193 7
11194 7
11195 7
11196 7
11197 7
11198 1
11199 2
11200 2
11201 5
11202 3
11203 2
11204 3
11205 7
11206 2
11207 7
11208 3
11209 2
11210 2
11211 7
11212 7
11213 7
11214 5
11215 0
11216 7
11217 5
11218 5
11219 7
11220 2
11221 2
11222 2
11223 4
11224 2
11225 3
11226 2
11227 1
11228 5
11229 5
11230 7
11231 7
11232 3
11233 3
11234 5
11235 2
11236 6
11237 7
11238 2
11239 7
11240 2
11241 1
11242 2
11243 3
11244 4
11245 7
11246 1
11247 7
11248 2
11249 2
11250 2
11251 2
11252 2
11253 5
11254 1
11255 7
11256 7
11257 1
11258 2
11259 7
11260 5
11261 2
11262 7
11263 3
11264 5
11265 3
11266 3
11267 2
11268 5
11269 7
11270 2
11271 7
11272 2
11273 7
11274 3
11275 7
11276 3
11277 7
11278 1
11279 2
11280 5
11281 3
11282 3
11283 5
11284 2
11285 5
11286 2
11287 7
11288 7
11289 3
11290 3
11291 4
11292 2
11293 7
11294 2
11295 2
11296 2
11297 3
11298 4
11299 7
11300 3
11301 7
11302 3
11303 2
11304 7
11305 3
11306 7
11307 2
11308 3
11309 2
11310 7
11311 7
11312 1
11313 4
11314 2
11315 2
11316 3
11317 2
11318 3
11319 1
11320 3
11321 0
11322 2
11323 7
11324 3
11325 2
11326 0
11327 4
11328 3
11329 3
11330 4
11331 5
11332 2
11333 5
11334 3
11335 2
11336 3
11337 4
11338 3
11339 0
11340 3
11341 2
11342 1
11343 2
11344 7
11345 7
11346 7
11347 7
11348 3
11349 7
11350 7
11351 2
11352 7
11353 2
11354 7
11355 2
11356 5
11357 5
11358 1
11359 2
11360 3
11361 7
11362 5
11363 4
11364 7
11365 7
11366 7
11367 3
11368 2
11369 7
11370 5
11371 2
11372 5
11373 7
11374 7
11375 2
11376 2
11377 1
11378 3
11379 7
11380 5
11381 0
11382 2
11383 7
11384 7
11385 3
11386 7
11387 2
11388 7
11389 1
11390 7
11391 2
11392 2
11393 7
11394 2
11395 2
11396 2
11397 7
11398 7
11399 7
11400 5
11401 2
11402 2
11403 2
11404 2
11405 2
11406 7
11407 2
11408 7
11409 3
11410 3
11411 2
11412 3
11413 3
11414 7
11415 7
11416 7
11417 5
11418 2
11419 3
11420 7
11421 7
11422 7
11423 2
11424 7
11425 3
11426 3
11427 2
11428 2
11429 2
11430 1
11431 2
11432 2
11433 2
11434 7
11435 2
11436 3
11437 7
11438 7
11439 3
11440 1
11441 2
11442 7
11443 2
11444 2
11445 7
11446 2
11447 3
11448 1
11449 2
11450 3
11451 7
11452 5
11453 5
11454 5
11455 5
11456 7
11457 7
11458 3
11459 3
11460 2
11461 2
11462 7
11463 0
11464 2
11465 3
11466 7
11467 5
11468 7
11469 2
11470 7
11471 2
11472 3
11473 2
11474 7
11475 2
11476 2
11477 1
11478 5
11479 4
11480 2
11481 7
11482 2
11483 3
11484 2
11485 7
11486 2
11487 5
11488 5
11489 3
11490 7
11491 2
11492 2
11493 7
11494 0
11495 2
11496 3
11497 7
11498 4
11499 5
11500 3
11501 3
11502 1
11503 2
11504 0
11505 1
11506 2
11507 2
11508 5
11509 7
11510 7
11511 2
11512 3
11513 5
11514 3
11515 6
11516 2
11517 5
11518 7
11519 7
11520 7
11521 2
11522 7
11523 7
11524 2
11525 2
11526 7
11527 7
11528 7
11529 7
11530 5
11531 2
11532 3
11533 0
11534 7
11535 1
11536 5
11537 7
11538 7
11539 2
11540 2
11541 7
11542 2
11543 2
11544 7
11545 5
11546 2
11547 7
11548 7
11549 4
11550 7
11551 2
11552 7
11553 2
11554 5
11555 7
11556 7
11557 2
11558 5
11559 4
11560 5
11561 6
11562 7
11563 7
11564 7
11565 2
11566 3
11567 2
11568 2
11569 2
11570 3
11571 2
11572 2
11573 2
11574 3
11575 2
11576 5
11577 3
11578 3
11579 1
11580 3
11581 7
11582 1
11583 2
11584 3
11585 2
11586 3
11587 5
11588 7
11589 3
11590 2
11591 7
11592 7
11593 3
11594 7
11595 2
11596 2
11597 5
11598 7
11599 2
11600 1
11601 7
11602 7
11603 2
11604 7
11605 2
11606 2
11607 7
11608 5
11609 7
11610 7
11611 7
11612 1
11613 2
11614 0
11615 2
11616 5
11617 7
11618 2
11619 7
11620 2
11621 3
11622 1
11623 5
11624 7
11625 3
11626 2
11627 1
11628 2
11629 7
11630 7
11631 5
11632 2
11633 3
11634 1
11635 1
11636 5
11637 7
11638 2
11639 1
11640 2
11641 2
11642 2
11643 7
11644 7
11645 7
11646 7
11647 7
11648 3
11649 5
11650 7
11651 7
11652 1
11653 7
11654 2
11655 7
11656 2
11657 2
11658 5
11659 5
11660 3
11661 2
11662 2
11663 2
11664 0
11665 7
11666 2
11667 3
11668 1
11669 1
11670 2
11671 1
11672 2
11673 7
11674 2
11675 7
11676 2
11677 1
11678 2
11679 2
11680 7
11681 2
11682 7
11683 7
11684 7
11685 7
11686 3
11687 4
11688 3
11689 7
11690 7
11691 7
11692 3
11693 2
11694 5
11695 7
11696 2
11697 7
11698 7
11699 5
11700 5
11701 7
11702 7
11703 0
11704 3
11705 0
11706 5
11707 7
11708 7
11709 2
11710 2
11711 3
11712 7
11713 2
11714 5
11715 7
11716 7
11717 7
11718 7
11719 5
11720 6
11721 2
11722 2
11723 3
11724 2
11725 7
11726 7
11727 3
11728 7
11729 7
11730 7
11731 7
11732 7
11733 2
11734 7
11735 7
11736 3
11737 7
11738 7
11739 3
11740 7
11741 7
11742 7
11743 2
11744 7
11745 2
11746 7
11747 7
11748 6
11749 3
11750 0
11751 4
11752 3
11753 3
11754 4
11755 3
11756 7
11757 7
11758 3
11759 2
11760 5
11761 7
11762 2
11763 7
11764 7
11765 7
11766 3
11767 2
11768 1
11769 5
11770 7
11771 7
11772 3
11773 7
11774 2
11775 2
11776 0
11777 3
11778 7
11779 7
11780 7
11781 1
11782 2
11783 3
11784 5
11785 7
11786 3
11787 2
11788 2
11789 3
11790 7
11791 2
11792 2
11793 7
11794 2
11795 0
11796 2
11797 7
11798 2
11799 2
11800 7
11801 2
11802 0
11803 2
11804 7
11805 3
11806 2
11807 1
11808 3
11809 1
11810 7
11811 3
11812 2
11813 7
11814 3
11815 5
11816 1
11817 3
11818 2
11819 7
11820 7
11821 1
11822 7
11823 7
11824 2
11825 2
11826 2
11827 7
11828 7
11829 2
11830 3
11831 7
11832 3
11833 2
11834 5
11835 7
11836 2
11837 3
11838 5
11839 2
11840 1
11841 2
11842 7
11843 7
11844 2
11845 2
11846 3
11847 2
11848 4
11849 2
11850 5
11851 3
11852 7
11853 2
11854 3
11855 7
11856 7
11857 2
11858 7
11859 7
11860 7
11861 7
11862 0
11863 7
11864 7
11865 7
11866 7
11867 3
11868 5
11869 1
11870 2
11871 1
11872 2
11873 7
11874 7
11875 5
11876 3
11877 1
11878 3
11879 5
11880 2
11881 2
11882 2
11883 5
11884 4
11885 2
11886 7
11887 4
11888 7
11889 3
11890 3
11891 2
11892 1
11893 2
11894 7
11895 7
11896 3
11897 3
11898 7
11899 6
11900 4
11901 7
11902 7
11903 3
11904 7
11905 3
11906 7
11907 7
11908 4
11909 0
11910 3
11911 7
11912 2
11913 7
11914 7
11915 2
11916 2
11917 2
11918 7
11919 5
11920 2
11921 3
11922 7
11923 2
11924 2
11925 1
11926 3
11927 2
11928 1
11929 3
11930 2
11931 7
11932 2
11933 2
11934 3
11935 7
11936 7
11937 7
11938 7
11939 3
11940 2
11941 1
11942 1
11943 7
11944 5
11945 5
11946 7
11947 3
11948 7
11949 2
11950 2
11951 4
11952 2
11953 7
11954 2
11955 3
11956 2
11957 3
11958 7
11959 4
11960 2
11961 2
11962 4
11963 7
11964 7
11965 1
11966 2
11967 7
11968 0
11969 7
11970 7
11971 2
11972 5
11973 2
11974 2
11975 7
11976 2
11977 3
11978 2
11979 2
11980 2
11981 5
11982 2
11983 7
11984 7
11985 1
11986 2
11987 7
11988 7
11989 1
11990 0
11991 7
11992 2
11993 2
11994 4
11995 7
11996 1
11997 7
11998 7
11999 2
12000 6
12001 5
12002 3
12003 3
12004 2
12005 2
12006 2
12007 7
12008 7
12009 3
12010 7
12011 2
12012 7
12013 3
12014 5
12015 0
12016 1
12017 2
12018 2
12019 3
12020 7
12021 3
12022 2
12023 2
12024 3
12025 7
12026 2
12027 1
12028 2
12029 3
12030 2
12031 2
12032 7
12033 7
12034 2
12035 7
12036 7
12037 2
12038 2
12039 2
12040 7
12041 2
12042 7
12043 5
12044 2
12045 2
12046 2
12047 2
12048 3
12049 5
12050 2
12051 3
12052 1
12053 7
12054 3
12055 3
12056 2
12057 3
12058 2
12059 4
12060 7
12061 7
12062 4
12063 7
12064 2
12065 7
12066 2
12067 2
12068 7
12069 3
12070 3
12071 1
12072 2
12073 6
12074 7
12075 2
12076 7
12077 2
12078 2
12079 2
12080 2
12081 3
12082 7
12083 5
12084 7
12085 7
12086 5
12087 7
12088 2
12089 5
12090 3
12091 2
12092 5
12093 5
12094 7
12095 7
12096 2
12097 3
12098 3
12099 2
12100 2
12101 5
12102 2
12103 3
12104 2
12105 7
12106 3
12107 7
12108 3
12109 7
12110 7
12111 0
12112 0
12113 3
12114 1
12115 1
12116 7
12117 3
12118 7
12119 4
12120 7
12121 2
12122 3
12123 2
12124 5
12125 3
12126 3
12127 0
12128 3
12129 5
12130 7
12131 5
12132 2
12133 7
12134 7
12135 5
12136 3
12137 2
12138 7
12139 2
12140 5
12141 2
12142 3
12143 7
12144 7
12145 7
12146 3
12147 5
12148 2
12149 7
12150 3
12151 2
12152 7
12153 3
12154 7
12155 2
12156 2
12157 7
12158 7
12159 2
12160 2
12161 2
12162 5
12163 3
12164 7
12165 3
12166 2
12167 3
12168 5
12169 7
12170 3
12171 7
12172 7
12173 2
12174 2
12175 2
12176 7
12177 2
12178 7
12179 1
12180 3
12181 2
12182 1
12183 1
12184 1
12185 1
12186 7
12187 1
12188 3
12189 1
12190 7
12191 2
12192 7
12193 7
12194 7
12195 7
12196 5
12197 7
12198 2
12199 7
12200 3
12201 3
12202 5
12203 1
12204 2
12205 2
12206 3
12207 1
12208 7
12209 5
12210 3
12211 2
12212 2
12213 1
12214 7
12215 7
12216 5
12217 2
12218 3
12219 1
12220 7
12221 2
12222 7
12223 3
12224 3
12225 1
12226 7
12227 1
12228 6
12229 3
12230 5
12231 2
12232 3
12233 2
12234 5
12235 5
12236 3
12237 2
12238 3
12239 1
12240 5
12241 2
12242 3
12243 3
12244 1
12245 2
12246 3
12247 5
12248 2
12249 2
12250 2
12251 2
12252 2
12253 7
12254 2
12255 7
12256 2
12257 7
12258 2
12259 3
12260 2
12261 5
12262 2
12263 7
12264 7
12265 2
12266 7
12267 0
12268 1
12269 1
12270 1
12271 1
12272 7
12273 3
12274 7
12275 2
12276 2
12277 3
12278 2
12279 3
12280 0
12281 3
12282 2
12283 0
12284 7
12285 7
12286 7
12287 7
12288 3
12289 2
12290 3
12291 1
12292 7
12293 2
12294 1
12295 3
12296 2
12297 2
12298 7
12299 7
12300 7
12301 2
12302 7
12303 4
12304 4
12305 2
12306 7
12307 7
12308 7
12309 2
12310 2
12311 1
12312 2
12313 7
12314 3
12315 2
12316 3
12317 7
12318 2
12319 2
12320 5
12321 7
12322 3
12323 5
12324 3
12325 2
12326 7
12327 1
12328 0
12329 5
12330 7
12331 2
12332 4
12333 2
12334 2
12335 2
12336 1
12337 7
12338 7
12339 2
12340 2
12341 5
12342 2
12343 2
12344 0
12345 7
12346 6
12347 2
12348 2
12349 2
12350 7
12351 5
12352 1
12353 2
12354 7
12355 7
12356 2
12357 2
12358 2
12359 2
12360 2
12361 2
12362 2
12363 2
12364 2
12365 4
12366 3
12367 2
12368 1
12369 7
12370 2
12371 2
12372 7
12373 2
12374 7
12375 3
12376 5
12377 7
12378 1
12379 5
12380 2
12381 3
12382 5
12383 7
12384 2
12385 2
12386 3
12387 3
12388 2
12389 5
12390 5
12391 7
12392 2
12393 3
12394 7
12395 2
12396 5
12397 2
12398 2
12399 5
12400 7
12401 7
12402 5
12403 7
12404 2
12405 2
12406 2
12407 2
12408 7
12409 3
12410 2
12411 6
12412 7
12413 3
12414 2
12415 5
12416 3
12417 1
12418 3
12419 7
12420 2
12421 7
12422 7
12423 2
12424 0
12425 2
12426 7
12427 3
12428 5
12429 2
12430 1
12431 2
12432 7
12433 2
12434 2
12435 7
12436 7
12437 2
12438 3
12439 7
12440 3
12441 2
12442 7
12443 0
12444 3
12445 7
12446 1
12447 7
12448 2
12449 3
12450 7
12451 3
12452 2
12453 2
12454 7
12455 1
12456 1
12457 2
12458 7
12459 0
12460 0
12461 3
12462 5
12463 2
12464 1
12465 7
12466 7
12467 7
12468 7
12469 2
12470 1
12471 2
12472 2
12473 3
12474 3
12475 3
12476 1
12477 2
12478 5
12479 2
12480 7
12481 2
12482 5
12483 3
12484 2
12485 2
12486 3
12487 5
12488 2
12489 7
12490 7
12491 6
12492 1
12493 3
12494 2
12495 3
12496 2
12497 2
12498 2
12499 3
12500 7
12501 3
12502 3
12503 1
12504 3
12505 7
12506 2
12507 7
12508 5
12509 4
12510 7
12511 2
12512 2
12513 2
12514 2
12515 2
12516 2
12517 7
12518 6
12519 2
12520 0
12521 7
12522 5
12523 7
12524 5
12525 7
12526 7
12527 2
12528 1
12529 2
12530 2
12531 4
12532 2
12533 7
12534 7
12535 2
12536 7
12537 1
12538 7
12539 2
12540 7
12541 7
12542 3
12543 7
12544 2
12545 7
12546 0
12547 3
12548 7
12549 2
12550 2
12551 7
12552 2
12553 2
12554 1
12555 2
12556 7
12557 7
12558 7
12559 7
12560 7
12561 3
12562 7
12563 2
12564 7
12565 3
12566 7
12567 5
12568 5
12569 7
12570 0
12571 2
12572 3
12573 7
12574 2
12575 6
12576 7
12577 7
12578 2
12579 2
12580 3
12581 1
12582 1
12583 2
12584 2
12585 2
12586 1
12587 2
12588 1
12589 2
12590 1
12591 0
12592 2
12593 5
12594 7
12595 5
12596 7
12597 0
12598 7
12599 2
12600 0
12601 3
12602 2
12603 5
12604 7
12605 2
12606 2
12607 2
12608 2
12609 3
12610 5
12611 1
12612 7
12613 3
12614 3
12615 3
12616 7
12617 2
12618 5
12619 2
12620 1
12621 2
12622 7
12623 7
12624 7
12625 7
12626 2
12627 3
12628 7
12629 3
12630 7
12631 7
12632 1
12633 2
12634 2
12635 3
12636 2
12637 7
12638 2
12639 3
12640 1
12641 5
12642 7
12643 2
12644 2
12645 2
12646 2
12647 7
12648 5
12649 7
12650 7
12651 3
12652 1
12653 5
12654 3
12655 3
12656 2
12657 2
12658 7
12659 1
12660 7
12661 2
12662 2
12663 7
12664 3
12665 7
12666 0
12667 2
12668 2
12669 7
12670 3
12671 2
12672 3
12673 3
12674 2
12675 1
12676 2
12677 3
12678 3
12679 0
12680 0
12681 2
12682 1
12683 1
12684 7
12685 7
12686 3
12687 3
12688 3
12689 7
12690 7
12691 0
12692 7
12693 2
12694 4
12695 0
12696 3
12697 7
12698 2
12699 3
12700 1
12701 2
12702 2
12703 7
12704 3
12705 2
12706 3
12707 2
12708 2
12709 5
12710 7
12711 7
12712 3
12713 7
12714 7
12715 7
12716 2
12717 5
12718 7
12719 2
12720 2
12721 7
12722 7
12723 7
12724 3
12725 5
12726 4
12727 2
12728 2
12729 2
12730 2
12731 7
12732 2
12733 3
12734 4
12735 7
12736 7
12737 5
12738 3
12739 5
12740 7
12741 7
12742 7
12743 2
12744 3
12745 7
12746 1
12747 0
12748 7
12749 0
12750 5
12751 3
12752 3
12753 2
12754 7
12755 7
12756 0
12757 3
12758 2
12759 2
12760 2
12761 2
12762 2
12763 7
12764 2
12765 7
12766 7
12767 3
12768 2
12769 2
12770 0
12771 2
12772 2
12773 2
12774 5
12775 7
12776 1
12777 3
12778 7
12779 2
12780 2
12781 7
12782 2
12783 7
12784 2
12785 1
12786 2
12787 7
12788 2
12789 7
12790 2
12791 7
12792 2
12793 7
12794 2
12795 7
12796 5
12797 7
12798 2
12799 2
12800 7
12801 1
12802 3
12803 7
12804 5
12805 2
12806 7
12807 0
12808 2
12809 2
12810 5
12811 2
12812 7
12813 2
12814 3
12815 5
12816 3
12817 7
12818 2
12819 7
12820 2
12821 7
12822 2
12823 0
12824 7
12825 2
12826 5
12827 7
12828 7
12829 2
12830 7
12831 5
12832 7
12833 7
12834 7
12835 5
12836 7
12837 5
12838 7
12839 2
12840 3
12841 2
12842 7
12843 2
12844 3
12845 2
12846 7
12847 7
12848 2
12849 5
12850 7
12851 3
12852 7
12853 2
12854 7
12855 5
12856 2
12857 1
12858 3
12859 1
12860 2
12861 2
12862 7
12863 3
12864 7
12865 2
12866 2
12867 2
12868 2
12869 1
12870 7
12871 1
12872 7
12873 5
12874 3
12875 2
12876 2
12877 7
12878 3
12879 3
12880 7
12881 2
12882 7
12883 7
12884 7
12885 2
12886 7
12887 1
12888 3
12889 2
12890 2
12891 3
12892 1
12893 7
12894 2
12895 7
12896 7
12897 2
12898 7
12899 2
12900 2
12901 2
12902 3
12903 3
12904 2
12905 7
12906 0
12907 2
12908 5
12909 3
12910 2
12911 1
12912 4
12913 2
12914 5
12915 2
12916 2
12917 7
12918 2
12919 3
12920 3
12921 3
12922 0
12923 2
12924 2
12925 5
12926 2
12927 0
12928 7
12929 3
12930 7
12931 2
12932 2
12933 7
12934 7
12935 3
12936 2
12937 3
12938 2
12939 4
12940 1
12941 7
12942 1
12943 2
12944 7
12945 2
12946 7
12947 7
12948 3
12949 7
12950 5
12951 7
12952 3
12953 3
12954 3
12955 3
12956 7
12957 7
12958 2
12959 2
12960 2
12961 2
12962 2
12963 5
12964 3
12965 2
12966 3
12967 7
12968 2
12969 2
12970 3
12971 5
12972 3
12973 1
12974 7
12975 7
12976 2
12977 7
12978 2
12979 7
12980 7
12981 3
12982 1
12983 5
12984 0
12985 2
12986 7
12987 0
12988 2
12989 2
12990 7
12991 2
12992 3
12993 5
12994 5
12995 2
12996 3
12997 5
12998 2
12999 2
13000 7
13001 6
13002 2
13003 7
13004 3
13005 7
13006 2
13007 2
13008 2
13009 2
13010 7
13011 4
13012 2
13013 2
13014 5
13015 7
13016 2
13017 2
13018 5
13019 1
13020 2
13021 7
13022 1
13023 7
13024 3
13025 2
13026 7
13027 3
13028 1
13029 7
13030 2
13031 3
13032 3
13033 3
13034 3
13035 7
13036 2
13037 5
13038 3
13039 2
13040 7
13041 3
13042 7
13043 5
13044 7
13045 2
13046 7
13047 7
13048 2
13049 2
13050 7
13051 1
13052 3
13053 3
13054 5
13055 3
13056 7
13057 2
13058 2
13059 7
13060 7
13061 2
13062 3
13063 3
13064 3
13065 7
13066 2
13067 3
13068 4
13069 3
13070 2
13071 7
13072 7
13073 4
13074 7
13075 3
13076 3
13077 7
13078 5
13079 4
13080 2
13081 1
13082 3
13083 7
13084 7
13085 1
13086 2
13087 2
13088 4
13089 7
13090 1
13091 2
13092 2
13093 2
13094 2
13095 2
13096 7
13097 5
13098 2
13099 2
13100 7
13101 5
13102 2
13103 7
13104 3
13105 2
13106 7
13107 5
13108 7
13109 7
13110 5
13111 7
13112 7
13113 7
13114 2
13115 2
13116 0
13117 7
13118 5
13119 1
13120 3
13121 2
13122 2
13123 5
13124 1
13125 3
13126 2
13127 2
13128 2
13129 3
13130 3
13131 7
13132 7
13133 0
13134 2
13135 7
13136 2
13137 1
13138 2
13139 3
13140 7
13141 5
13142 7
13143 2
13144 2
13145 3
13146 5
13147 7
13148 7
13149 2
13150 2
13151 0
13152 7
13153 7
13154 7
13155 7
13156 7
13157 3
13158 2
13159 2
13160 2
13161 1
13162 1
13163 1
13164 2
13165 2
13166 7
13167 2
13168 2
13169 7
13170 7
13171 3
13172 5
13173 0
13174 7
13175 7
13176 2
13177 7
13178 1
13179 2
13180 6
13181 6
13182 3
13183 2
13184 3
13185 7
13186 2
13187 7
13188 7
13189 2
13190 2
13191 2
13192 1
13193 7
13194 3
13195 7
13196 2
13197 3
13198 7
13199 7
13200 7
13201 3
13202 2
13203 3
13204 5
13205 0
13206 5
13207 2
13208 3
13209 3
13210 2
13211 3
13212 2
13213 2
13214 2
13215 7
13216 7
13217 3
13218 3
13219 3
13220 3
13221 7
13222 5
13223 2
13224 3
13225 7
13226 3
13227 3
13228 2
13229 3
13230 2
13231 4
13232 7
13233 3
13234 7
13235 6
13236 2
13237 7
13238 7
13239 7
13240 5
13241 2
13242 0
13243 3
13244 5
13245 1
13246 2
13247 2
13248 2
13249 2
13250 2
13251 2
13252 1
13253 2
13254 7
13255 5
13256 2
13257 3
13258 2
13259 7
13260 2
13261 7
13262 1
13263 7
13264 2
13265 0
13266 0
13267 7
13268 3
13269 7
13270 2
13271 2
13272 1
13273 2
13274 2
13275 2
13276 2
13277 2
13278 3
13279 2
13280 2
13281 2
13282 7
13283 7
13284 1
13285 2
13286 5
13287 5
13288 7
13289 2
13290 7
13291 5
13292 2
13293 5
13294 7
13295 7
13296 7
13297 2
13298 2
13299 2
13300 2
13301 2
13302 7
13303 7
13304 5
13305 2
13306 5
13307 2
13308 4
13309 3
13310 7
13311 3
13312 7
13313 7
13314 7
13315 2
13316 7
13317 0
13318 7
13319 7
13320 7
13321 2
13322 2
13323 2
13324 7
13325 7
13326 0
13327 7
13328 7
13329 2
13330 2
13331 2
13332 7
13333 2
13334 7
13335 2
13336 3
13337 2
13338 3
13339 3
13340 7
13341 5
13342 3
13343 2
13344 2
13345 5
13346 2
13347 7
13348 7
13349 7
13350 1
13351 1
13352 0
13353 3
13354 7
13355 3
13356 7
13357 2
13358 7
13359 1
13360 2
13361 3
13362 7
13363 2
13364 7
13365 7
13366 7
13367 4
13368 7
13369 7
13370 2
13371 7
13372 7
13373 3
13374 3
13375 3
13376 5
13377 7
13378 7
13379 2
13380 7
13381 7
13382 2
13383 3
13384 5
13385 7
13386 2
13387 2
13388 2
13389 1
13390 7
13391 0
13392 7
13393 3
13394 1
13395 5
13396 7
13397 3
13398 2
13399 2
13400 7
13401 0
13402 7
13403 7
13404 3
13405 7
13406 7
13407 2
13408 3
13409 4
13410 7
13411 3
13412 5
13413 2
13414 7
13415 2
13416 3
13417 2
13418 2
13419 7
13420 2
13421 2
13422 5
13423 2
13424 2
13425 2
13426 1
13427 5
13428 4
13429 2
13430 2
13431 2
13432 3
13433 7
13434 2
13435 7
13436 2
13437 7
13438 2
13439 6
13440 2
13441 1
13442 2
13443 2
13444 3
13445 7
13446 5
13447 7
13448 7
13449 7
13450 7
13451 3
13452 3
13453 7
13454 2
13455 1
13456 7
13457 2
13458 0
13459 7
13460 7
13461 2
13462 2
13463 5
13464 6
13465 1
13466 2
13467 2
13468 5
13469 3
13470 7
13471 7
13472 5
13473 2
13474 3
13475 7
13476 3
13477 1
13478 4
13479 7
13480 1
13481 2
13482 0
13483 5
13484 3
13485 7
13486 7
13487 7
13488 2
13489 2
13490 7
13491 7
13492 3
13493 2
13494 1
13495 2
13496 7
13497 2
13498 7
13499 7
13500 7
13501 7
13502 0
13503 5
13504 3
13505 3
13506 0
13507 2
13508 7
13509 6
13510 1
13511 0
13512 3
13513 2
13514 3
13515 2
13516 3
13517 3
13518 3
13519 2
13520 3
13521 2
13522 7
13523 3
13524 2
13525 2
13526 7
13527 3
13528 5
13529 5
13530 2
13531 6
13532 3
13533 2
13534 3
13535 2
13536 5
13537 2
13538 7
13539 5
13540 1
13541 2
13542 0
13543 3
13544 1
13545 0
13546 3
13547 2
13548 2
13549 2
13550 3
13551 7
13552 7
13553 5
13554 7
13555 4
13556 4
13557 3
13558 7
13559 7
13560 2
13561 3
13562 7
13563 5
13564 7
13565 7
13566 2
13567 0
13568 2
13569 2
13570 2
13571 3
13572 3
13573 3
13574 2
13575 2
13576 4
13577 3
13578 3
13579 1
13580 2
13581 7
13582 2
13583 5
13584 7
13585 3
13586 5
13587 1
13588 7
13589 1
13590 2
13591 2
13592 7
13593 5
13594 0
13595 5
13596 2
13597 3
13598 7
13599 2
13600 2
13601 0
13602 2
13603 1
13604 2
13605 7
13606 5
13607 2
13608 3
13609 2
13610 5
13611 5
13612 2
13613 7
13614 0
13615 2
13616 5
13617 4
13618 3
13619 2
13620 7
13621 7
13622 2
13623 7
13624 2
13625 7
13626 7
13627 2
13628 3
13629 3
13630 3
13631 7
13632 7
13633 4
13634 2
13635 7
13636 7
13637 7
13638 7
13639 7
13640 7
13641 7
13642 7
13643 4
13644 0
13645 7
13646 7
13647 1
13648 2
13649 2
13650 7
13651 3
13652 2
13653 2
13654 7
13655 7
13656 7
13657 7
13658 2
13659 5
13660 0
13661 7
13662 4
13663 2
13664 3
13665 7
13666 2
13667 3
13668 7
13669 2
13670 4
13671 7
13672 7
13673 2
13674 7
13675 3
13676 5
13677 7
13678 1
13679 3
13680 2
13681 2
13682 7
13683 3
13684 3
13685 4
13686 3
13687 5
13688 7
13689 2
13690 6
13691 1
13692 7
13693 2
13694 7
13695 2
13696 0
13697 2
13698 2
13699 2
13700 5
13701 7
13702 2
13703 7
13704 7
13705 7
13706 3
13707 7
13708 7
13709 2
13710 7
13711 7
13712 2
13713 3
13714 3
13715 7
13716 1
13717 7
13718 2
13719 7
13720 3
13721 7
13722 2
13723 7
13724 6
13725 7
13726 2
13727 2
13728 7
13729 7
13730 1
13731 3
13732 7
13733 2
13734 7
13735 2
13736 2
13737 2
13738 7
13739 2
13740 3
13741 0
13742 2
13743 7
13744 3
13745 1
13746 7
13747 7
13748 3
13749 2
13750 3
13751 2
13752 7
13753 2
13754 2
13755 7
13756 2
13757 2
13758 2
13759 3
13760 7
13761 7
13762 2
13763 2
13764 2
13765 3
13766 4
13767 6
13768 1
13769 5
13770 2
13771 3
13772 2
13773 7
13774 3
13775 2
13776 3
13777 7
13778 7
13779 5
13780 3
13781 1
13782 2
13783 1
13784 2
13785 2
13786 3
13787 7
13788 2
13789 1
13790 0
13791 2
13792 2
13793 1
13794 5
13795 2
13796 2
13797 7
13798 2
13799 5
13800 7
13801 5
13802 1
13803 2
13804 7
13805 2
13806 2
13807 4
13808 2
13809 0
13810 2
13811 0
13812 2
13813 3
13814 5
13815 2
13816 7
13817 7
13818 5
13819 7
13820 1
13821 5
13822 3
13823 7
13824 7
13825 3
13826 2
13827 5
13828 7
13829 0
13830 3
13831 3
13832 7
13833 1
13834 2
13835 3
13836 0
13837 5
13838 4
13839 5
13840 1
13841 2
13842 7