1 7
2 7
3 7
4 3
5 3
6 3
7 7
8 7
9 7
10 7
11 7
12 7
13 3
14 7
15 7
16 7
17 7
18 7
19 5
20 7
21 7
22 3
23 2
24 7
25 7
26 7
27 7
28 3
29 3
30 7
31 3
32 7
33 6
34 3
35 3
36 7
37 7
38 7
39 3
40 7
41 6
42 7
43 7
44 5
45 6
46 7
47 6
48 7
49 7
50 7
51 7
52 7
53 7
54 7
55 3
56 7
57 7
58 7
59 7
60 7
61 7
62 2
63 3
64 7
65 7
66 3
67 7
68 7
69 7
70 5
71 7
72 7
73 3
74 3
75 7
76 7
77 7
78 7
79 7
80 7
81 7
82 7
83 7
84 7
85 7
86 7
87 7
88 7
89 3
90 2
91 7
92 7
93 7
94 2
95 7
96 7
97 7
98 7
99 7
100 3
101 7
102 7
103 7
104 7
105 7
106 7
107 7
108 3
109 7
110 7
111 7
112 5
113 7
114 7
115 7
116 7
117 7
118 3
119 7
120 7
121 3
122 7
123 7
124 3
125 7
126 7
127 7
128 3
129 3
130 3
131 7
132 2
133 7
134 7
135 7
136 7
137 7
138 7
139 7
140 7
141 6
142 5
143 7
144 7
145 5
146 7
147 7
148 5
149 7
150 3
151 7
152 7
153 7
154 0
155 4
156 7
157 7
158 3
159 7
160 5
161 7
162 7
163 3
164 3
165 7
166 7
167 7
168 4
169 5
170 7
171 2
172 3
173 7
174 7
175 7
176 7
177 7
178 3
179 7
180 7
181 7
182 7
183 7
184 7
185 7
186 7
187 7
188 7
189 4
190 7
191 6
192 7
193 7
194 7
195 7
196 7
197 3
198 7
199 7
200 3
201 7
202 7
203 7
204 3
205 7
206 7
207 7
208 7
209 7
210 3
211 7
212 7
213 7
214 7
215 7
216 7
217 2
218 7
219 7
220 3
221 7
222 3
223 7
224 7
225 6
226 7
227 7
228 3
229 7
230 7
231 3
232 7
233 3
234 7
235 1
236 7
237 3
238 7
239 7
240 7
241 3
242 7
243 3
244 7
245 7
246 7
247 7
248 7
249 7
250 3
251 3
252 7
253 4
254 3
255 3
256 3
257 7
258 3
259 2
260 5
261 7
262 7
263 3
264 7
265 7
266 7
267 7
268 4
269 3
270 7
271 7
272 7
273 1
274 7
275 7
276 3
277 6
278 3
279 3
280 5
281 2
282 7
283 7
284 5
285 7
286 2
287 7
288 1
289 7
290 3
291 5
292 5
293 7
294 7
295 5
296 7
297 2
298 7
299 7
300 7
301 7
302 7
303 3
304 7
305 7
306 3
307 7
308 7
309 7
310 3
311 5
312 3
313 3
314 7
315 2
316 7
317 7
318 7
319 7
320 3
321 7
322 7
323 3
324 3
325 7
326 7
327 7
328 3
329 3
330 1
331 7
332 7
333 6
334 7
335 7
336 6
337 7
338 7
339 5
340 7
341 3
342 3
343 7
344 7
345 7
346 7
347 7
348 2
349 7
350 7
351 7
352 7
353 7
354 7
355 3
356 3
357 3
358 5
359 7
360 5
361 7
362 7
363 7
364 5
365 3
366 5
367 3
368 2
369 7
370 7
371 7
372 7
373 3
374 3
375 6
376 7
377 7
378 3
379 2
380 7
381 7
382 7
383 7
384 2
385 3
386 3
387 7
388 7
389 7
390 3
391 7
392 7
393 7
394 7
395 3
396 7
397 3
398 7
399 7
400 7
401 7
402 7
403 7
404 7
405 2
406 7
407 7
408 7
409 7
410 7
411 7
412 7
413 7
414 1
415 2
416 7
417 5
418 7
419 7
420 1
421 7
422 7
423 7
424 7
425 7
426 7
427 7
428 7
429 2
430 7
431 7
432 7
433 7
434 7
435 7
436 7
437 7
438 7
439 7
440 6
441 7
442 3
443 7
444 7
445 7
446 7
447 5
448 7
449 7
450 7
451 7
452 7
453 7
454 7
455 7
456 5
457 3
458 7
459 7
460 7
461 3
462 4
463 3
464 7
465 7
466 2
467 5
468 7
469 7
470 1
471 7
472 7
473 5
474 7
475 3
476 5
477 7
478 7
479 5
480 7
481 3
482 5
483 7
484 7
485 7
486 7
487 2
488 7
489 7
490 1
491 7
492 2
493 7
494 3
495 3
496 7
497 7
498 7
499 2
500 3
501 7
502 3
503 7
504 3
505 2
506 4
507 2
508 7
509 3
510 7
511 3
512 2
513 7
514 7
515 3
516 7
517 2
518 2
519 7
520 7
521 7
522 7
523 7
524 1
525 7
526 2
527 7
528 7
529 7
530 2
531 3
532 7
533 3
534 7
535 7
536 0
537 7
538 7
539 3
540 7
541 7
542 7
543 7
544 7
545 7
546 7
547 7
548 7
549 6
550 7
551 5
552 6
553 7
554 7
555 5
556 7
557 7
558 7
559 7
560 5
561 7
562 7
563 2
564 7
565 7
566 3
567 3
568 7
569 5
570 7
571 2
572 7
573 7
574 7
575 7
576 7
577 7
578 7
579 7
580 7
581 2
582 3
583 7
584 2
585 3
586 2
587 7
588 7
589 2
590 7
591 3
592 2
593 7
594 1
595 3
596 5
597 3
598 2
599 7
600 7
601 7
602 7
603 2
604 3
605 7
606 3
607 7
608 3
609 7
610 7
611 7
612 7
613 7
614 5
615 7
616 5
617 7
618 7
619 7
620 7
621 7
622 7
623 3
624 7
625 7
626 2
627 7
628 7
629 7
630 7
631 2
632 3
633 1
634 7
635 5
636 7
637 1
638 3
639 7
640 7
641 3
642 3
643 5
644 2
645 7
646 7
647 3
648 7
649 7
650 2
651 3
652 3
653 7
654 7
655 7
656 5
657 5
658 7
659 7
660 5
661 3
662 6
663 7
664 7
665 6
666 7
667 7
668 7
669 7
670 7
671 7
672 3
673 3
674 3
675 7
676 3
677 3
678 7
679 7
680 2
681 5
682 6
683 7
684 7
685 6
686 7
687 7
688 7
689 6
690 2
691 3
692 7
693 7
694 3
695 3
696 7
697 3
698 7
699 3
700 7
701 7
702 5
703 3
704 3
705 1
706 2
707 7
708 7
709 3
710 5
711 3
712 7
713 3
714 7
715 2
716 3
717 7
718 6
719 5
720 7
721 3
722 3
723 7
724 5
725 3
726 2
727 2
728 7
729 7
730 3
731 3
732 7
733 7
734 7
735 7
736 7
737 2
738 7
739 7
740 7
741 7
742 7
743 7
744 7
745 7
746 7
747 7
748 3
749 7
750 3
751 7
752 4
753 6
754 7
755 7
756 7
757 7
758 7
759 7
760 7
761 3
762 7
763 7
764 5
765 3
766 7
767 6
768 3
769 7
770 7
771 7
772 7
773 5
774 6
775 2
776 7
777 7
778 3
779 7
780 7
781 1
782 2
783 2
784 7
785 7
786 7
787 7
788 7
789 2
790 3
791 3
792 7
793 7
794 7
795 5
796 7
797 7
798 3
799 5
800 5
801 7
802 3
803 7
804 7
805 7
806 1
807 7
808 5
809 7
810 7
811 7
812 3
813 7
814 7
815 0
816 7
817 7
818 7
819 3
820 2
821 7
822 7
823 3
824 7
825 7
826 7
827 1
828 7
829 3
830 3
831 7
832 5
833 3
834 3
835 7
836 7
837 3
838 7
839 5
840 7
841 7
842 7
843 7
844 7
845 7
846 3
847 7
848 3
849 7
850 3
851 7
852 7
853 7
854 7
855 4
856 5
857 7
858 7
859 7
860 7
861 2
862 7
863 2
864 7
865 3
866 7
867 7
868 7
869 7
870 5
871 2
872 7
873 7
874 5
875 7
876 3
877 7
878 7
879 2
880 7
881 7
882 7
883 7
884 7
885 7
886 7
887 7
888 5
889 3
890 7
891 7
892 3
893 6
894 7
895 7
896 7
897 3
898 7
899 5
900 3
901 7
902 3
903 5
904 7
905 7
906 3
907 2
908 2
909 4
910 7
911 7
912 2
913 2
914 3
915 7
916 2
917 2
918 3
919 7
920 7
921 2
922 7
923 7
924 7
925 3
926 3
927 2
928 7
929 7
930 7
931 7
932 7
933 7
934 7
935 7
936 7
937 3
938 7
939 7
940 4
941 7
942 7
943 7
944 3
945 7
946 7
947 7
948 3
949 7
950 7
951 3
952 7
953 2
954 7
955 7
956 7
957 7
958 7
959 7
960 3
961 7
962 2
963 5
964 7
965 3
966 2
967 7
968 3
969 7
970 3
971 4
972 7
973 7
974 6
975 7
976 7
977 7
978 7
979 7
980 7
981 7
982 1
983 3
984 7
985 7
986 3
987 7
988 3
989 7
990 2
991 7
992 2
993 7
994 7
995 2
996 7
997 7
998 7
999 7
1000 7
1001 7
1002 7
1003 3
1004 2
1005 7
1006 7
1007 7
1008 7
1009 7
1010 5
1011 7
1012 5
1013 7
1014 3
1015 7
1016 7
1017 5
1018 7
1019 7
1020 2
1021 7
1022 7
1023 2
1024 6
1025 3
1026 7
1027 7
1028 7
1029 7
1030 6
1031 7
1032 7
1033 2
1034 7
1035 7
1036 7
1037 7
1038 7
1039 1
1040 7
1041 7
1042 2
1043 7
1044 7
1045 5
1046 7
1047 7
1048 7
1049 7
1050 7
1051 6
1052 7
1053 7
1054 5
1055 7
1056 7
1057 2
1058 7
1059 7
1060 7
1061 7
1062 7
1063 7
1064 7
1065 7
1066 3
1067 3
1068 5
1069 3
1070 7
1071 7
1072 3
1073 3
1074 7
1075 3
1076 2
1077 7
1078 7
1079 7
1080 7
1081 7
1082 3
1083 7
1084 7
1085 7
1086 3
1087 3
1088 7
1089 2
1090 7
1091 3
1092 7
1093 5
1094 7
1095 7
1096 3
1097 3
1098 7
1099 7
1100 1
1101 5
1102 3
1103 2
1104 7
1105 3
1106 2
1107 7
1108 7
1109 2
1110 5
1111 3
1112 7
1113 7
1114 7
1115 7
1116 3
1117 3
1118 7
1119 2
1120 5
1121 7
1122 2
1123 3
1124 7
1125 7
1126 7
1127 7
1128 3
1129 7
1130 7
1131 2
1132 7
1133 3
1134 7
1135 7
1136 7
1137 7
1138 7
1139 7
1140 2
1141 4
1142 7
1143 7
1144 7
1145 3
1146 7
1147 2
1148 4
1149 7
1150 7
1151 7
1152 7
1153 7
1154 1
1155 7
1156 7
1157 7
1158 2
1159 7
1160 5
1161 7
1162 7
1163 7
1164 7
1165 2
1166 3
1167 7
1168 6
1169 7
1170 7
1171 7
1172 2
1173 7
1174 2
1175 7
1176 7
1177 7
1178 7
1179 7
1180 7
1181 7
1182 3
1183 3
1184 7
1185 7
1186 7
1187 1
1188 7
1189 3
1190 7
1191 7
1192 7
1193 3
1194 7
1195 7
1196 7
1197 7
1198 7
1199 7
1200 7
1201 5
1202 7
1203 7
1204 7
1205 7
1206 7
1207 7
1208 7
1209 7
1210 7
1211 7
1212 3
1213 7
1214 7
1215 2
1216 7
1217 2
1218 7
1219 7
1220 7
1221 7
1222 7
1223 7
1224 7
1225 3
1226 7
1227 1
1228 7
1229 3
1230 3
1231 7
1232 7
1233 5
1234 7
1235 7
1236 2
1237 7
1238 7
1239 7
1240 3
1241 5
1242 3
1243 7
1244 2
1245 7
1246 7
1247 7
1248 3
1249 7
1250 7
1251 7
1252 7
1253 2
1254 7
1255 7
1256 3
1257 3
1258 2
1259 7
1260 3
1261 7
1262 2
1263 7
1264 6
1265 7
1266 1
1267 7
1268 7
1269 3
1270 7
1271 7
1272 6
1273 5
1274 5
1275 7
1276 3
1277 3
1278 7
1279 5
1280 7
1281 7
1282 2
1283 7
1284 3
1285 7
1286 7
1287 7
1288 7
1289 2
1290 6
1291 3
1292 7
1293 2
1294 7
1295 7
1296 7
1297 3
1298 7
1299 7
1300 7
1301 7
1302 7
1303 3
1304 7
1305 2
1306 7
1307 3
1308 7
1309 7
1310 7
1311 7
1312 7
1313 2
1314 7
1315 7
1316 2
1317 7
1318 7
1319 7
1320 7
1321 5
1322 7
1323 7
1324 7
1325 7
1326 2
1327 7
1328 7
1329 6
1330 7
1331 3
1332 5
1333 7
1334 3
1335 7
1336 7
1337 6
1338 7
1339 7
1340 7
1341 2
1342 3
1343 5
1344 6
1345 3
1346 7
1347 7
1348 2
1349 7
1350 7
1351 3
1352 5
1353 4
1354 7
1355 5
1356 7
1357 5
1358 7
1359 3
1360 7
1361 1
1362 7
1363 7
1364 2
1365 7
1366 7
1367 7
1368 7
1369 7
1370 3
1371 7
1372 7
1373 3
1374 3
1375 7
1376 7
1377 2
1378 3
1379 3
1380 7
1381 2
1382 3
1383 5
1384 7
1385 7
1386 7
1387 7
1388 7
1389 5
1390 3
1391 7
1392 7
1393 7
1394 3
1395 7
1396 3
1397 7
1398 3
1399 1
1400 7
1401 3
1402 7
1403 3
1404 7
1405 7
1406 2
1407 7
1408 3
1409 3
1410 5
1411 7
1412 3
1413 5
1414 7
1415 5
1416 7
1417 3
1418 1
1419 4
1420 7
1421 2
1422 7
1423 7
1424 7
1425 7
1426 2
1427 7
1428 3
1429 7
1430 7
1431 7
1432 7
1433 3
1434 5
1435 3
1436 7
1437 7
1438 7
1439 7
1440 7
1441 3
1442 7
1443 3
1444 7
1445 7
1446 7
1447 7
1448 3
1449 2
1450 3
1451 7
1452 5
1453 3
1454 7
1455 7
1456 7
1457 7
1458 7
1459 3
1460 7
1461 3
1462 7
1463 7
1464 2
1465 2
1466 2
1467 7
1468 7
1469 3
1470 2
1471 7
1472 7
1473 2
1474 7
1475 2
1476 7
1477 3
1478 5
1479 2
1480 7
1481 3
1482 0
1483 7
1484 7
1485 7
1486 5
1487 7
1488 7
1489 7
1490 7
1491 7
1492 7
1493 3
1494 7
1495 7
1496 6
1497 7
1498 5
1499 2
1500 7
1501 0
1502 3
1503 5
1504 7
1505 7
1506 7
1507 7
1508 7
1509 3
1510 7
1511 7
1512 3
1513 7
1514 7
1515 5
1516 3
1517 7
1518 7
1519 2
1520 7
1521 3
1522 7
1523 7
1524 3
1525 7
1526 4
1527 7
1528 7
1529 2
1530 7
1531 7
1532 3
1533 2
1534 7
1535 3
1536 7
1537 3
1538 5
1539 7
1540 3
1541 7
1542 7
1543 5
1544 2
1545 7
1546 1
1547 6
1548 7
1549 7
1550 3
1551 7
1552 2
1553 7
1554 7
1555 3
1556 7
1557 7
1558 7
1559 7
1560 3
1561 5
1562 7
1563 7
1564 7
1565 3
1566 7
1567 7
1568 2
1569 7
1570 2
1571 7
1572 5
1573 3
1574 7
1575 7
1576 7
1577 7
1578 7
1579 7
1580 7
1581 3
1582 5
1583 7
1584 2
1585 7
1586 7
1587 2
1588 7
1589 5
1590 7
1591 7
1592 7
1593 3
1594 7
1595 3
1596 7
1597 6
1598 3
1599 7
1600 5
1601 3
1602 7
1603 5
1604 7
1605 7
1606 2
1607 3
1608 7
1609 3
1610 1
1611 7
1612 3
1613 7
1614 6
1615 7
1616 7
1617 3
1618 7
1619 2
1620 7
1621 7
1622 7
1623 3
1624 2
1625 7
1626 7
1627 3
1628 7
1629 1
1630 7
1631 3
1632 2
1633 7
1634 7
1635 2
1636 3
1637 2
1638 7
1639 7
1640 7
1641 7
1642 3
1643 3
1644 2
1645 7
1646 3
1647 7
1648 7
1649 7
1650 7
1651 7
1652 7
1653 3
1654 3
1655 7
1656 7
1657 7
1658 7
1659 3
1660 2
1661 7
1662 3
1663 2
1664 7
1665 3
1666 7
1667 3
1668 3
1669 7
1670 7
1671 7
1672 2
1673 7
1674 7
1675 6
1676 2
1677 7
1678 6
1679 3
1680 7
1681 3
1682 7
1683 3
1684 7
1685 7
1686 1
1687 7
1688 3
1689 7
1690 3
1691 7
1692 2
1693 7
1694 7
1695 7
1696 3
1697 7
1698 3
1699 7
1700 7
1701 5
1702 3
1703 3
1704 0
1705 7
1706 7
1707 3
1708 7
1709 7
1710 7
1711 2
1712 7
1713 7
1714 7
1715 7
1716 3
1717 3
1718 7
1719 7
1720 7
1721 1
1722 3
1723 7
1724 7
1725 7
1726 4
1727 7
1728 3
1729 7
1730 7
1731 7
1732 6
1733 7
1734 2
1735 7
1736 7
1737 2
1738 3
1739 7
1740 7
1741 1
1742 2
1743 7
1744 7
1745 7
1746 3
1747 7
1748 7
1749 3
1750 2
1751 2
1752 7
1753 1
1754 1
1755 1
1756 7
1757 6
1758 3
1759 5
1760 2
1761 7
1762 7
1763 7
1764 7
1765 2
1766 2
1767 7
1768 7
1769 5
1770 3
1771 2
1772 7
1773 2
1774 7
1775 2
1776 7
1777 7
1778 2
1779 7
1780 7
1781 5
1782 3
1783 7
1784 7
1785 7
1786 7
1787 7
1788 7
1789 7
1790 7
1791 2
1792 7
1793 7
1794 7
1795 4
1796 7
1797 5
1798 7
1799 5
1800 7
1801 3
1802 7
1803 7
1804 5
1805 2
1806 7
1807 3
1808 7
1809 2
1810 4
1811 7
1812 3
1813 7
1814 7
1815 2
1816 7
1817 1
1818 7
1819 2
1820 6
1821 3
1822 7
1823 7
1824 7
1825 7
1826 2
1827 3
1828 7
1829 6
1830 7
1831 7
1832 7
1833 5
1834 7
1835 7
1836 7
1837 3
1838 5
1839 7
1840 7
1841 5
1842 5
1843 7
1844 7
1845 7
1846 3
1847 6
1848 7
1849 3
1850 5
1851 3
1852 7
1853 3
1854 5
1855 3
1856 5
1857 7
1858 7
1859 5
1860 7
1861 7
1862 5
1863 3
1864 7
1865 3
1866 7
1867 5
1868 7
1869 7
1870 7
1871 3
1872 7
1873 7
1874 7
1875 7
1876 3
1877 7
1878 3
1879 3
1880 7
1881 5
1882 7
1883 7
1884 2
1885 7
1886 3
1887 3
1888 3
1889 7
1890 7
1891 3
1892 7
1893 2
1894 5
1895 7
1896 7
1897 7
1898 3
1899 7
1900 5
1901 7
1902 3
1903 3
1904 3
1905 3
1906 7
1907 7
1908 2
1909 7
1910 3
1911 7
1912 7
1913 7
1914 3
1915 2
1916 3
1917 7
1918 7
1919 3
1920 7
1921 2
1922 7
1923 7
1924 7
1925 7
1926 2
1927 3
1928 7
1929 3
1930 7
1931 7
1932 7
1933 7
1934 7
1935 2
1936 3
1937 3
1938 7
1939 3
1940 3
1941 3
1942 7
1943 7
1944 7
1945 7
1946 1
1947 5
1948 7
1949 7
1950 2
1951 3
1952 5
1953 7
1954 7
1955 2
1956 3
1957 7
1958 7
1959 7
1960 2
1961 3
1962 3
1963 7
1964 2
1965 5
1966 4
1967 2
1968 7
1969 3
1970 5
1971 3
1972 7
1973 7
1974 7
1975 2
1976 7
1977 3
1978 2
1979 7
1980 5
1981 2
1982 7
1983 7
1984 1
1985 2
1986 7
1987 7
1988 3
1989 7
1990 7
1991 7
1992 5
1993 3
1994 7
1995 7
1996 2
1997 2
1998 7
1999 2
2000 2
2001 7
2002 7
2003 7
2004 7
2005 7
2006 7
2007 7
2008 7
2009 7
2010 7
2011 2
2012 7
2013 3
2014 7
2015 3
2016 7
2017 2
2018 2
2019 7
2020 3
2021 7
2022 7
2023 3
2024 2
2025 3
2026 2
2027 7
2028 7
2029 7
2030 6
2031 7
2032 7
2033 2
2034 7
2035 7
2036 7
2037 7
2038 7
2039 2
2040 7
2041 3
2042 7
2043 7
2044 2
2045 7
2046 7
2047 5
2048 7
2049 3
2050 7
2051 2
2052 3
2053 3
2054 7
2055 7
2056 7
2057 3
2058 3
2059 2
2060 6
2061 7
2062 7
2063 7
2064 1
2065 2
2066 7
2067 3
2068 7
2069 0
2070 2
2071 7
2072 6
2073 7
2074 2
2075 2
2076 7
2077 6
2078 7
2079 5
2080 7
2081 3
2082 3
2083 7
2084 5
2085 7
2086 7
2087 3
2088 7
2089 7
2090 6
2091 3
2092 7
2093 7
2094 2
2095 7
2096 7
2097 3
2098 7
2099 3
2100 2
2101 7
2102 6
2103 1
2104 6
2105 7
2106 2
2107 3
2108 7
2109 7
2110 7
2111 7
2112 7
2113 3
2114 7
2115 2
2116 7
2117 7
2118 6
2119 7
2120 7
2121 7
2122 7
2123 2
2124 7
2125 3
2126 7
2127 7
2128 2
2129 7
2130 7
2131 7
2132 7
2133 7
2134 7
2135 7
2136 5
2137 3
2138 7
2139 7
2140 7
2141 3
2142 7
2143 5
2144 7
2145 7
2146 7
2147 7
2148 7
2149 2
2150 3
2151 7
2152 2
2153 7
2154 3
2155 7
2156 7
2157 3
2158 7
2159 3
2160 1
2161 1
2162 3
2163 3
2164 3
2165 7
2166 5
2167 5
2168 3
2169 7
2170 3
2171 7
2172 1
2173 3
2174 2
2175 7
2176 3
2177 7
2178 7
2179 7
2180 7
2181 7
2182 2
2183 7
2184 3
2185 3
2186 7
2187 1
2188 3
2189 7
2190 5
2191 3
2192 7
2193 7
2194 7
2195 7
2196 7
2197 7
2198 5
2199 2
2200 3
2201 7
2202 7
2203 7
2204 3
2205 7
2206 3
2207 3
2208 3
2209 7
2210 7
2211 2
2212 7
2213 7
2214 3
2215 7
2216 3
2217 7
2218 7
2219 5
2220 7
2221 7
2222 7
2223 7
2224 7
2225 7
2226 7
2227 7
2228 5
2229 2
2230 7
2231 3
2232 7
2233 2
2234 7
2235 7
2236 7
2237 4
2238 7
2239 3
2240 7
2241 7
2242 7
2243 7
2244 5
2245 1
2246 3
2247 3
2248 7
2249 7
2250 7
2251 7
2252 7
2253 3
2254 7
2255 7
2256 3
2257 7
2258 3
2259 3
2260 7
2261 7
2262 3
2263 2
2264 3
2265 5
2266 6
2267 2
2268 7
2269 3
2270 7
2271 7
2272 7
2273 7
2274 7
2275 3
2276 3
2277 7
2278 6
2279 3
2280 7
2281 4
2282 7
2283 3
2284 7
2285 2
2286 3
2287 3
2288 2
2289 5
2290 2
2291 7
2292 7
2293 7
2294 7
2295 2
2296 4
2297 7
2298 3
2299 3
2300 3
2301 5
2302 6
2303 7
2304 7
2305 7
2306 7
2307 7
2308 6
2309 1
2310 7
2311 7
2312 3
2313 2
2314 7
2315 7
2316 3
2317 3
2318 7
2319 2
2320 7
2321 7
2322 2
2323 7
2324 7
2325 3
2326 7
2327 3
2328 7
2329 3
2330 5
2331 7
2332 5
2333 7
2334 7
2335 2
2336 7
2337 7
2338 3
2339 7
2340 1
2341 7
2342 7
2343 5
2344 7
2345 2
2346 7
2347 5
2348 3
2349 5
2350 2
2351 2
2352 7
2353 2
2354 7
2355 2
2356 5
2357 7
2358 7
2359 7
2360 3
2361 7
2362 2
2363 7
2364 7
2365 2
2366 7
2367 7
2368 7
2369 4
2370 4
2371 6
2372 7
2373 3
2374 1
2375 7
2376 7
2377 3
2378 2
2379 6
2380 7
2381 7
2382 7
2383 7
2384 7
2385 5
2386 2
2387 0
2388 3
2389 7
2390 2
2391 7
2392 7
2393 7
2394 3
2395 7
2396 3
2397 6
2398 7
2399 7
2400 7
2401 7
2402 1
2403 2
2404 7
2405 5
2406 1
2407 7
2408 3
2409 7
2410 7
2411 7
2412 7
2413 3
2414 7
2415 6
2416 2
2417 3
2418 7
2419 3
2420 0
2421 7
2422 3
2423 2
2424 5
2425 3
2426 3
2427 7
2428 7
2429 7
2430 2
2431 7
2432 7
2433 7
2434 7
2435 7
2436 6
2437 7
2438 7
2439 7
2440 3
2441 3
2442 3
2443 6
2444 3
2445 3
2446 6
2447 7
2448 7
2449 3
2450 7
2451 7
2452 7
2453 7
2454 7
2455 2
2456 7
2457 5
2458 7
2459 7
2460 7
2461 7
2462 3
2463 1
2464 2
2465 1
2466 7
2467 5
2468 7
2469 7
2470 7
2471 2
2472 1
2473 7
2474 3
2475 3
2476 7
2477 5
2478 3
2479 7
2480 5
2481 1
2482 1
2483 7
2484 7
2485 3
2486 5
2487 3
2488 7
2489 3
2490 3
2491 2
2492 2
2493 7
2494 7
2495 3
2496 3
2497 7
2498 7
2499 7
2500 1
2501 1
2502 5
2503 7
2504 7
2505 7
2506 7
2507 7
2508 3
2509 7
2510 2
2511 3
2512 7
2513 3
2514 3
2515 7
2516 7
2517 7
2518 7
2519 7
2520 2
2521 7
2522 3
2523 7
2524 2
2525 2
2526 7
2527 7
2528 7
2529 7
2530 7
2531 7
2532 7
2533 2
2534 7
2535 3
2536 7
2537 2
2538 7
2539 7
2540 7
2541 7
2542 3
2543 3
2544 7
2545 3
2546 5
2547 2
2548 3
2549 3
2550 7
2551 7
2552 7
2553 3
2554 3
2555 2
2556 7
2557 3
2558 7
2559 3
2560 5
2561 7
2562 7
2563 7
2564 7
2565 7
2566 5
2567 6
2568 3
2569 3
2570 7
2571 7
2572 7
2573 7
2574 7
2575 7
2576 7
2577 7
2578 3
2579 7
2580 7
2581 7
2582 7
2583 3
2584 7
2585 7
2586 7
2587 7
2588 7
2589 7
2590 5
2591 4
2592 3
2593 3
2594 3
2595 2
2596 7
2597 7
2598 3
2599 7
2600 7
2601 7
2602 7
2603 2
2604 2
2605 7
2606 7
2607 2
2608 7
2609 5
2610 3
2611 3
2612 3
2613 3
2614 7
2615 7
2616 7
2617 7
2618 3
2619 7
2620 6
2621 3
2622 7
2623 7
2624 2
2625 7
2626 4
2627 5
2628 5
2629 7
2630 7
2631 5
2632 2
2633 3
2634 7
2635 7
2636 7
2637 6
2638 7
2639 7
2640 3
2641 7
2642 3
2643 3
2644 3
2645 7
2646 3
2647 3
2648 7
2649 3
2650 7
2651 7
2652 7
2653 3
2654 6
2655 7
2656 3
2657 5
2658 3
2659 3
2660 3
2661 3
2662 7
2663 2
2664 7
2665 7
2666 7
2667 3
2668 3
2669 3
2670 3
2671 7
2672 3
2673 7
2674 7
2675 5
2676 3
2677 7
2678 7
2679 7
2680 6
2681 7
2682 2
2683 7
2684 7
2685 7
2686 7
2687 3
2688 7
2689 3
2690 2
2691 3
2692 3
2693 3
2694 7
2695 5
2696 3
2697 7
2698 3
2699 3
2700 6
2701 7
2702 1
2703 7
2704 7
2705 5
2706 7
2707 2
2708 7
2709 7
2710 7
2711 3
2712 6
2713 7
2714 7
2715 5
2716 7
2717 7
2718 7
2719 0
2720 5
2721 6
2722 7
2723 7
2724 7
2725 7
2726 7
2727 5
2728 5
2729 7
2730 7
2731 5
2732 7
2733 7
2734 7
2735 1
2736 2
2737 2
2738 7
2739 3
2740 7
2741 7
2742 3
2743 7
2744 2
2745 7
2746 3
2747 2
2748 7
2749 7
2750 2
2751 7
2752 7
2753 7
2754 7
2755 6
2756 4
2757 7
2758 7
2759 5
2760 5
2761 7
2762 7
2763 5
2764 7
2765 3
2766 7
2767 7
2768 7
2769 7
2770 3
2771 7
2772 7
2773 7
2774 2
2775 4
2776 3
2777 7
2778 7
2779 5
2780 4
2781 1
2782 7
2783 3
2784 3
2785 2
2786 7
2787 2
2788 7
2789 7
2790 7
2791 7
2792 7
2793 3
2794 7
2795 5
2796 7
2797 7
2798 7
2799 5
2800 2
2801 3
2802 7
2803 7
2804 4
2805 7
2806 7
2807 2
2808 3
2809 3
2810 2
2811 3
2812 2
2813 7
2814 7
2815 2
2816 7
2817 2
2818 5
2819 7
2820 3
2821 3
2822 7
2823 4
2824 3
2825 7
2826 7
2827 2
2828 3
2829 5
2830 3
2831 5
2832 1
2833 0
2834 7
2835 7
2836 7
2837 7
2838 7
2839 3
2840 5
2841 3
2842 3
2843 7
2844 7
2845 5
2846 3
2847 3
2848 7
2849 3
2850 3
2851 7
2852 3
2853 3
2854 7
2855 7
2856 7
2857 7
2858 2
2859 3
2860 7
2861 3
2862 3
2863 7
2864 7
2865 7
2866 2
2867 1
2868 7
2869 7
2870 5
2871 7
2872 7
2873 2
2874 3
2875 7
2876 3
2877 7
2878 3
2879 7
2880 7
2881 1
2882 5
2883 3
2884 1
2885 2
2886 7
2887 7
2888 3
2889 3
2890 7
2891 3
2892 7
2893 7
2894 2
2895 7
2896 7
2897 4
2898 7
2899 2
2900 1
2901 3
2902 3
2903 7
2904 7
2905 7
2906 3
2907 4
2908 7
2909 7
2910 6
2911 3
2912 6
2913 7
2914 3
2915 7
2916 4
2917 7
2918 7
2919 3
2920 7
2921 3
2922 7
2923 3
2924 7
2925 7
2926 3
2927 7
2928 7
2929 3
2930 7
2931 7
2932 4
2933 7
2934 5
2935 3
2936 3
2937 5
2938 7
2939 3
2940 7
2941 7
2942 7
2943 3
2944 2
2945 6
2946 7
2947 2
2948 7
2949 7
2950 7
2951 3
2952 7
2953 1
2954 7
2955 7
2956 7
2957 7
2958 7
2959 3
2960 7
2961 7
2962 7
2963 7
2964 2
2965 7
2966 6
2967 7
2968 3
2969 7
2970 3
2971 3
2972 7
2973 7
2974 6
2975 7
2976 3
2977 6
2978 3
2979 7
2980 3
2981 2
2982 7
2983 7
2984 7
2985 3
2986 2
2987 7
2988 3
2989 7
2990 1
2991 7
2992 7
2993 7
2994 6
2995 3
2996 3
2997 7
2998 6
2999 3
3000 3
3001 7
3002 7
3003 3
3004 7
3005 3
3006 7
3007 3
3008 2
3009 7
3010 7
3011 7
3012 3
3013 5
3014 7
3015 5
3016 7
3017 2
3018 7
3019 2
3020 7
3021 4
3022 4
3023 2
3024 7
3025 7
3026 1
3027 3
3028 1
3029 7
3030 3
3031 7
3032 7
3033 7
3034 7
3035 7
3036 3
3037 7
3038 7
3039 7
3040 3
3041 7
3042 2
3043 7
3044 7
3045 7
3046 3
3047 7
3048 3
3049 3
3050 3
3051 7
3052 7
3053 7
3054 3
3055 2
3056 7
3057 7
3058 3
3059 0
3060 3
3061 7
3062 7
3063 7
3064 7
3065 4
3066 7
3067 2
3068 7
3069 7
3070 7
3071 7
3072 7
3073 7
3074 7
3075 6
3076 7
3077 7
3078 2
3079 7
3080 3
3081 7
3082 1
3083 7
3084 7
3085 1
3086 3
3087 7
3088 7
3089 7
3090 7
3091 7
3092 3
3093 7
3094 7
3095 3
3096 7
3097 2
3098 7
3099 7
3100 7
3101 3
3102 7
3103 7
3104 7
3105 7
3106 3
3107 3
3108 7
3109 3
3110 7
3111 7
3112 0
3113 2
3114 7
3115 7
3116 7
3117 7
3118 3
3119 2
3120 7
3121 7
3122 7
3123 7
3124 3
3125 7
3126 7
3127 7
3128 7
3129 7
3130 7
3131 7
3132 7
3133 1
3134 2
3135 7
3136 7
3137 2
3138 7
3139 7
3140 7
3141 7
3142 7
3143 7
3144 5
3145 7
3146 2
3147 5
3148 5
3149 5
3150 3
3151 7
3152 7
3153 5
3154 3
3155 7
3156 3
3157 6
3158 7
3159 7
3160 7
3161 3
3162 5
3163 7
3164 5
3165 7
3166 7
3167 7
3168 6
3169 2
3170 7
3171 3
3172 3
3173 7
3174 6
3175 6
3176 7
3177 3
3178 7
3179 7
3180 7
3181 7
3182 3
3183 5
3184 1
3185 7
3186 7
3187 3
3188 5
3189 7
3190 3
3191 1
3192 7
3193 5
3194 7
3195 7
3196 7
3197 3
3198 7
3199 7
3200 1
3201 7
3202 7
3203 3
3204 7
3205 7
3206 7
3207 3
3208 3
3209 7
3210 7
3211 7
3212 2
3213 7
3214 4
3215 7
3216 5
3217 1
3218 7
3219 7
3220 7
3221 3
3222 7
3223 3
3224 7
3225 4
3226 3
3227 7
3228 7
3229 7
3230 7
3231 7
3232 7
3233 7
3234 3
3235 7
3236 7
3237 7
3238 7
3239 7
3240 4
3241 7
3242 7
3243 7
3244 7
3245 7
3246 7
3247 1
3248 7
3249 4
3250 1
3251 3
3252 7
3253 7
3254 7
3255 7
3256 7
3257 7
3258 7
3259 1
3260 7
3261 1
3262 7
3263 7
3264 7
3265 7
3266 3
3267 7
3268 3
3269 3
3270 7
3271 7
3272 1
3273 7
3274 3
3275 7
3276 2
3277 7
3278 7
3279 7
3280 1
3281 3
3282 7
3283 3
3284 7
3285 7
3286 7
3287 2
3288 2
3289 4
3290 7
3291 3
3292 7
3293 7
3294 7
3295 7
3296 7
3297 7
3298 3
3299 7
3300 7
3301 3
3302 2
3303 1
3304 7
3305 7
3306 6
3307 7
3308 1
3309 7
3310 7
3311 3
3312 7
3313 7
3314 7
3315 7
3316 7
3317 7
3318 3
3319 7
3320 5
3321 3
3322 7
3323 7
3324 7
3325 7
3326 3
3327 3
3328 7
3329 2
3330 2
3331 7
3332 7
3333 2
3334 7
3335 3
3336 7
3337 4
3338 7
3339 7
3340 3
3341 7
3342 3
3343 3
3344 7
3345 3
3346 7
3347 3
3348 7
3349 3
3350 7
3351 7
3352 7
3353 7
3354 7
3355 5
3356 7
3357 7
3358 7
3359 7
3360 3
3361 7
3362 3
3363 2
3364 7
3365 7
3366 7
3367 7
3368 7
3369 7
3370 7
3371 7
3372 4
3373 6
3374 7
3375 3
3376 7
3377 7
3378 3
3379 3
3380 3
3381 7
3382 7
3383 7
3384 7
3385 3
3386 3
3387 7
3388 7
3389 3
3390 7
3391 7
3392 3
3393 3
3394 7
3395 7
3396 3
3397 7
3398 7
3399 7
3400 7
3401 2
3402 7
3403 7
3404 3
3405 7
3406 7
3407 7
3408 7
3409 7
3410 3
3411 5
3412 3
3413 1
3414 7
3415 2
3416 1
3417 7
3418 2
3419 7
3420 1
3421 4
3422 4
3423 2
3424 7
3425 7
3426 3
3427 7
3428 7
3429 3
3430 3
3431 7
3432 3
3433 4
3434 7
3435 7
3436 7
3437 7
3438 3
3439 3
3440 2
3441 7
3442 7
3443 7
3444 7
3445 2
3446 7
3447 7
3448 7
3449 2
3450 7
3451 1
3452 3
3453 7
3454 7
3455 7
3456 7
3457 7
3458 2
3459 7
3460 6
3461 7
3462 7
3463 5
3464 2
3465 3
3466 5
3467 7
3468 7
3469 7
3470 7
3471 7
3472 3
3473 7
3474 7
3475 3
3476 0
3477 3
3478 5
3479 7
3480 7
3481 7
3482 7
3483 7
3484 7
3485 7
3486 7
3487 3
3488 3
3489 7
3490 3
3491 7
3492 3
3493 7
3494 3
3495 3
3496 1
3497 2
3498 7
3499 7
3500 5
3501 7
3502 3
3503 7
3504 2
3505 7
3506 7
3507 7
3508 7
3509 3
3510 7
3511 3
3512 7
3513 7
3514 7
3515 7
3516 7
3517 6
3518 3
3519 7
3520 5
3521 3
3522 2
3523 7
3524 3
3525 7
3526 7
3527 7
3528 7
3529 3
3530 6
3531 2
3532 7
3533 1
3534 7
3535 2
3536 2
3537 7
3538 7
3539 7
3540 3
3541 7
3542 7
3543 5
3544 7
3545 3
3546 3
3547 7
3548 7
3549 3
3550 7
3551 3
3552 3
3553 7
3554 7
3555 4
3556 4
3557 7
3558 3
3559 3
3560 7
3561 3
3562 3
3563 6
3564 7
3565 7
3566 7
3567 2
3568 7
3569 3
3570 7
3571 3
3572 2
3573 2
3574 3
3575 7
3576 5
3577 7
3578 3
3579 7
3580 3
3581 1
3582 2
3583 7
3584 3
3585 7
3586 7
3587 7
3588 7
3589 7
3590 3
3591 2
3592 7
3593 3
3594 7
3595 2
3596 7
3597 7
3598 2
3599 7
3600 3
3601 7
3602 3
3603 2
3604 7
3605 2
3606 7
3607 7
3608 7
3609 7
3610 2
3611 7
3612 3
3613 7
3614 7
3615 7
3616 7
3617 6
3618 3
3619 3
3620 7
3621 7
3622 6
3623 7
3624 2
3625 7
3626 7
3627 7
3628 1
3629 6
3630 7
3631 2
3632 3
3633 7
3634 7
3635 5
3636 7
3637 7
3638 7
3639 7
3640 7
3641 5
3642 7
3643 3
3644 3
3645 7
3646 7
3647 2
3648 5
3649 7
3650 3
3651 7
3652 5
3653 3
3654 5
3655 7
3656 7
3657 3
3658 7
3659 7
3660 2
3661 3
3662 7
3663 7
3664 2
3665 7
3666 3
3667 7
3668 7
3669 7
3670 7
3671 5
3672 3
3673 7
3674 7
3675 7
3676 7
3677 0
3678 7
3679 7
3680 5
3681 7
3682 7
3683 3
3684 2
3685 7
3686 7
3687 7
3688 2
3689 3
3690 7
3691 7
3692 3
3693 2
3694 7
3695 3
3696 3
3697 7
3698 7
3699 7
3700 7
3701 7
3702 7
3703 0
3704 7
3705 7
3706 4
3707 7
3708 7
3709 3
3710 7
3711 7
3712 7
3713 7
3714 2
3715 7
3716 7
3717 5
3718 3
3719 2
3720 7
3721 3
3722 7
3723 7
3724 2
3725 7
3726 7
3727 2
3728 7
3729 7
3730 7
3731 7
3732 7
3733 1
3734 7
3735 3
3736 7
3737 1
3738 7
3739 2
3740 7
3741 7
3742 7
3743 7
3744 7
3745 7
3746 7
3747 7
3748 7
3749 7
3750 7
3751 7
3752 7
3753 5
3754 5
3755 7
3756 3
3757 7
3758 7
3759 7
3760 6
3761 7
3762 7
3763 5
3764 7
3765 3
3766 4
3767 7
3768 7
3769 7
3770 7
3771 7
3772 7
3773 4
3774 7
3775 3
3776 7
3777 3
3778 2
3779 7
3780 7
3781 7
3782 7
3783 5
3784 7
3785 3
3786 6
3787 7
3788 2
3789 3
3790 7
3791 5
3792 5
3793 7
3794 7
3795 7
3796 5
3797 7
3798 3
3799 7
3800 5
3801 3
3802 7
3803 3
3804 7
3805 2
3806 1
3807 5
3808 7
3809 3
3810 7
3811 3
3812 5
3813 2
3814 3
3815 7
3816 7
3817 6
3818 7
3819 7
3820 7
3821 1
3822 7
3823 7
3824 7
3825 7
3826 7
3827 2
3828 2
3829 3
3830 2
3831 7
3832 7
3833 7
3834 1
3835 7
3836 2
3837 1
3838 7
3839 7
3840 4
3841 3
3842 3
3843 5
3844 7
3845 7
3846 3
3847 7
3848 7
3849 7
3850 5
3851 7
3852 6
3853 7
3854 2
3855 2
3856 3
3857 7
3858 3
3859 3
3860 3
3861 7
3862 2
3863 3
3864 1
3865 7
3866 3
3867 7
3868 7
3869 2
3870 4
3871 3
3872 7
3873 0
3874 3
3875 7
3876 7
3877 5
3878 3
3879 7
3880 2
3881 1
3882 7
3883 3
3884 7
3885 7
3886 7
3887 3
3888 7
3889 3
3890 7
3891 2
3892 3
3893 3
3894 3
3895 7
3896 3
3897 3
3898 7
3899 7
3900 7
3901 7
3902 6
3903 3
3904 7
3905 5
3906 5
3907 7
3908 7
3909 3
3910 2
3911 7
3912 3
3913 2
3914 3
3915 5
3916 5
3917 5
3918 7
3919 7
3920 7
3921 3
3922 3
3923 7
3924 7
3925 7
3926 3
3927 7
3928 3
3929 6
3930 7
3931 3
3932 3
3933 7
3934 7
3935 3
3936 1
3937 2
3938 7
3939 7
3940 2
3941 3
3942 7
3943 2
3944 3
3945 7
3946 7
3947 6
3948 7
3949 7
3950 7
3951 7
3952 7
3953 7
3954 5
3955 7
3956 7
3957 7
3958 7
3959 7
3960 7
3961 7
3962 7
3963 7
3964 7
3965 3
3966 7
3967 3
3968 7
3969 5
3970 3
3971 7
3972 7
3973 3
3974 6
3975 5
3976 7
3977 7
3978 7
3979 7
3980 7
3981 6
3982 7
3983 7
3984 7
3985 7
3986 5
3987 7
3988 7
3989 7
3990 7
3991 7
3992 2
3993 4
3994 4
3995 7
3996 7
3997 7
3998 7
3999 7
4000 7
4001 3
4002 7
4003 5
4004 7
4005 3
4006 3
4007 7
4008 2
4009 4
4010 7
4011 7
4012 7
4013 7
4014 7
4015 7
4016 7
4017 7
4018 7
4019 7
4020 7
4021 2
4022 7
4023 3
4024 7
4025 7
4026 7
4027 2
4028 7
4029 3
4030 1
4031 6
4032 2
4033 7
4034 3
4035 7
4036 3
4037 5
4038 2
4039 3
4040 7
4041 7
4042 3
4043 3
4044 7
4045 7
4046 5
4047 2
4048 3
4049 2
4050 7
4051 2
4052 2
4053 7
4054 7
4055 4
4056 7
4057 7
4058 3
4059 7
4060 5
4061 3
4062 3
4063 5
4064 7
4065 1
4066 1
4067 7
4068 3
4069 7
4070 7
4071 7
4072 7
4073 2
4074 3
4075 7
4076 7
4077 7
4078 7
4079 7
4080 3
4081 7
4082 7
4083 7
4084 7
4085 3
4086 3
4087 3
4088 7
4089 7
4090 3
4091 3
4092 7
4093 7
4094 7
4095 7
4096 7
4097 7
4098 7
4099 7
4100 7
4101 3
4102 7
4103 3
4104 1
4105 2
4106 2
4107 3
4108 7
4109 7
4110 3
4111 4
4112 7
4113 7
4114 7
4115 3
4116 7
4117 7
4118 7
4119 3
4120 2
4121 1
4122 7
4123 3
4124 7
4125 3
4126 7
4127 7
4128 7
4129 7
4130 2
4131 7
4132 7
4133 3
4134 7
4135 3
4136 6
4137 7
4138 2
4139 7
4140 7
4141 3
4142 7
4143 7
4144 7
4145 7
4146 7
4147 2
4148 1
4149 7
4150 3
4151 3
4152 7
4153 7
4154 5
4155 6
4156 7
4157 6
4158 3
4159 7
4160 3
4161 2
4162 3
4163 1
4164 5
4165 7
4166 7
4167 3
4168 7
4169 2
4170 7
4171 3
4172 7
4173 7
4174 3
4175 3
4176 7
4177 7
4178 7
4179 7
4180 7
4181 7
4182 7
4183 7
4184 7
4185 1
4186 1
4187 7
4188 7
4189 3
4190 7
4191 7
4192 6
4193 7
4194 7
4195 7
4196 1
4197 3
4198 7
4199 7
4200 7
4201 7
4202 3
4203 7
4204 7
4205 7
4206 1
4207 7
4208 1
4209 7
4210 7
4211 2
4212 7
4213 7
4214 7
4215 7
4216 3
4217 7
4218 7
4219 7
4220 7
4221 7
4222 7
4223 2
4224 7
4225 3
4226 7
4227 7
4228 7
4229 3
4230 7
4231 7
4232 3
4233 2
4234 7
4235 7
4236 5
4237 7
4238 2
4239 3
4240 3
4241 7
4242 7
4243 7
4244 3
4245 3
4246 7
4247 7
4248 7
4249 7
4250 7
4251 7
4252 7
4253 7
4254 7
4255 7
4256 4
4257 7
4258 0
4259 7
4260 7
4261 7
4262 2
4263 7
4264 5
4265 7
4266 2
4267 3
4268 7
4269 7
4270 2
4271 3
4272 7
4273 4
4274 3
4275 3
4276 7
4277 7
4278 6
4279 2
4280 1
4281 7
4282 3
4283 7
4284 7
4285 2
4286 1
4287 3
4288 7
4289 4
4290 7
4291 7
4292 7
4293 7
4294 3
4295 7
4296 7
4297 7
4298 3
4299 7
4300 5
4301 5
4302 7
4303 7
4304 7
4305 5
4306 7
4307 5
4308 3
4309 7
4310 5
4311 3
4312 7
4313 5
4314 3
4315 7
4316 3
4317 5
4318 7
4319 7
4320 3
4321 7
4322 2
4323 7
4324 6
4325 7
4326 3
4327 7
4328 3
4329 6
4330 3
4331 1
4332 7
4333 3
4334 2
4335 7
4336 1
4337 2
4338 3
4339 7
4340 7
4341 7
4342 7
4343 7
4344 2
4345 7
4346 7
4347 7
4348 3
4349 7
4350 7
4351 7
4352 7
4353 7
4354 7
4355 7
4356 7
4357 1
4358 7
4359 7
4360 3
4361 3
4362 7
4363 4
4364 2
4365 0
4366 2
4367 7
4368 7
4369 7
4370 7
4371 2
4372 7
4373 2
4374 3
4375 3
4376 7
4377 7
4378 7
4379 3
4380 5
4381 2
4382 7
4383 3
4384 3
4385 3
4386 7
4387 3
4388 7
4389 3
4390 3
4391 3
4392 2
4393 7
4394 3
4395 7
4396 7
4397 7
4398 4
4399 7
4400 3
4401 3
4402 2
4403 3
4404 7
4405 7
4406 7
4407 7
4408 7
4409 7
4410 4
4411 1
4412 7
4413 7
4414 3
4415 7
4416 3
4417 7
4418 7
4419 7
4420 7
4421 7
4422 7
4423 7
4424 3
4425 7
4426 7
4427 3
4428 7
4429 7
4430 6
4431 5
4432 7
4433 7
4434 7
4435 7
4436 2
4437 7
4438 5
4439 7
4440 5
4441 7
4442 6
4443 7
4444 7
4445 7
4446 3
4447 7
4448 3
4449 1
4450 7
4451 2
4452 7
4453 7
4454 2
4455 2
4456 2
4457 7
4458 2
4459 4
4460 7
4461 3
4462 7
4463 5
4464 1
4465 7
4466 2
4467 1
4468 3
4469 7
4470 1
4471 5
4472 2
4473 7
4474 7
4475 7
4476 6
4477 7
4478 0
4479 5
4480 5
4481 5
4482 7
4483 7
4484 1
4485 7
4486 3
4487 7
4488 2
4489 1
4490 7
4491 7
4492 3
4493 1
4494 2
4495 3
4496 7
4497 5
4498 7
4499 5
4500 5
4501 3
4502 7
4503 6
4504 7
4505 7
4506 3
4507 3
4508 7
4509 3
4510 3
4511 7
4512 3
4513 3
4514 5
4515 7
4516 7
4517 7
4518 7
4519 5
4520 7
4521 3
4522 7
4523 5
4524 2
4525 5
4526 3
4527 7
4528 3
4529 3
4530 7
4531 3
4532 7
4533 7
4534 3
4535 7
4536 3
4537 3
4538 7
4539 3
4540 7
4541 5
4542 3
4543 2
4544 3
4545 7
4546 7
4547 3
4548 3
4549 7
4550 6
4551 3
4552 7
4553 5
4554 7
4555 5
4556 7
4557 7
4558 7
4559 3
4560 7
4561 4
4562 3
4563 4
4564 3
4565 2
4566 7
4567 3
4568 7
4569 3
4570 7
4571 7
4572 3
4573 7
4574 3
4575 5
4576 3
4577 1
4578 7
4579 7
4580 4
4581 7
4582 3
4583 3
4584 3
4585 3
4586 7
4587 5
4588 7
4589 6
4590 7
4591 7
4592 3
4593 3
4594 7
4595 7
4596 7
4597 7
4598 7
4599 3
4600 3
4601 7
4602 7
4603 7
4604 2
4605 7
4606 3
4607 7
4608 7
4609 7
4610 5
4611 3
4612 7
4613 7
4614 7
4615 2
4616 7
4617 7
4618 7
4619 2
4620 6
4621 7
4622 2
4623 7
4624 7
4625 7
4626 3
4627 7
4628 3
4629 3
4630 3
4631 4
4632 2
4633 1
4634 7
4635 7
4636 3
4637 2
4638 7
4639 1
4640 2
4641 2
4642 5
4643 7
4644 7
4645 3
4646 5
4647 7
4648 7
4649 1
4650 7
4651 7
4652 5
4653 5
4654 3
4655 7
4656 7
4657 7
4658 1
4659 7
4660 7
4661 7
4662 7
4663 3
4664 5
4665 5
4666 7
4667 7
4668 7
4669 7
4670 2
4671 7
4672 3
4673 7
4674 3
4675 5
4676 7
4677 7
4678 7
4679 4
4680 7
4681 3
4682 2
4683 7
4684 7
4685 7
4686 3
4687 3
4688 7
4689 3
4690 3
4691 7
4692 3
4693 7
4694 7
4695 2
4696 1
4697 2
4698 7
4699 3
4700 7
4701 3
4702 5
4703 7
4704 7
4705 3
4706 7
4707 3
4708 7
4709 1
4710 7
4711 7
4712 7
4713 7
4714 1
4715 6
4716 7
4717 3
4718 3
4719 2
4720 7
4721 7
4722 3
4723 3
4724 7
4725 7
4726 7
4727 7
4728 3
4729 3
4730 7
4731 5
4732 7
4733 7
4734 1
4735 3
4736 7
4737 3
4738 7
4739 7
4740 2
4741 3
4742 2
4743 7
4744 3
4745 7
4746 2
4747 5
4748 3
4749 4
4750 2
4751 7
4752 5
4753 7
4754 7
4755 3
4756 7
4757 1
4758 3
4759 5
4760 7
4761 7
4762 2
4763 7
4764 7
4765 3
4766 5
4767 3
4768 5
4769 3
4770 7
4771 7
4772 2
4773 7
4774 6
4775 7
4776 7
4777 3
4778 7
4779 7
4780 3
4781 3
4782 7
4783 7
4784 7
4785 7
4786 7
4787 7
4788 3
4789 2
4790 1
4791 7
4792 7
4793 7
4794 7
4795 7
4796 7
4797 6
4798 7
4799 7
4800 7
4801 1
4802 2
4803 3
4804 2
4805 3
4806 7
4807 7
4808 7
4809 7
4810 7
4811 2
4812 7
4813 7
4814 3
4815 7
4816 6
4817 7
4818 7
4819 3
4820 2
4821 7
4822 5
4823 7
4824 1
4825 6
4826 2
4827 3
4828 7
4829 7
4830 7
4831 7
4832 7
4833 2
4834 3
4835 2
4836 7
4837 4
4838 2
4839 7
4840 7
4841 7
4842 7
4843 7
4844 7
4845 7
4846 5
4847 7
4848 3
4849 5
4850 7
4851 7
4852 7
4853 7
4854 7
4855 2
4856 2
4857 6
4858 7
4859 7
4860 6
4861 7
4862 3
4863 7
4864 3
4865 7
4866 7
4867 7
4868 1
4869 5
4870 6
4871 7
4872 7
4873 5
4874 7
4875 2
4876 5
4877 2
4878 1
4879 7
4880 1
4881 7
4882 7
4883 7
4884 7
4885 7
4886 7
4887 7
4888 3
4889 7
4890 3
4891 3
4892 7
4893 7
4894 2
4895 6
4896 3
4897 7
4898 2
4899 3
4900 7
4901 7
4902 5
4903 3
4904 3
4905 3
4906 3
4907 7
4908 5
4909 3
4910 7
4911 7
4912 3
4913 1
4914 3
4915 3
4916 7
4917 2
4918 3
4919 7
4920 7
4921 3
4922 3
4923 7
4924 3
4925 3
4926 3
4927 3
4928 7
4929 3
4930 7
4931 4
4932 7
4933 3
4934 7
4935 7
4936 5
4937 5
4938 2
4939 7
4940 7
4941 7
4942 7
4943 7
4944 3
4945 7
4946 7
4947 7
4948 1
4949 3
4950 7
4951 3
4952 7
4953 1
4954 7
4955 7
4956 7
4957 7
4958 7
4959 3
4960 7
4961 2
4962 7
4963 7
4964 7
4965 7
4966 2
4967 7
4968 7
4969 7
4970 7
4971 5
4972 3
4973 3
4974 7
4975 7
4976 7
4977 7
4978 1
4979 7
4980 7
4981 7
4982 7
4983 7
4984 2
4985 7
4986 6
4987 3
4988 7
4989 7
4990 7
4991 7
4992 7
4993 7
4994 7
4995 3
4996 7
4997 7
4998 3
4999 3
5000 7
5001 7
5002 2
5003 7
5004 7
5005 7
5006 7
5007 3
5008 0
5009 3
5010 7
5011 3
5012 7
5013 7
5014 2
5015 1
5016 2
5017 7
5018 7
5019 7
5020 3
5021 7
5022 3
5023 7
5024 7
5025 6
5026 7
5027 7
5028 7
5029 7
5030 7
5031 5
5032 3
5033 7
5034 7
5035 7
5036 7
5037 3
5038 7
5039 7
5040 7
5041 5
5042 7
5043 7
5044 7
5045 7
5046 1
5047 3
5048 7
5049 7
5050 7
5051 5
5052 3
5053 3
5054 7
5055 3
5056 3
5057 7
5058 7
5059 3
5060 7
5061 3
5062 7
5063 2
5064 7
5065 7
5066 7
5067 7
5068 7
5069 7
5070 3
5071 7
5072 7
5073 7
5074 7
5075 7
5076 3
5077 7
5078 7
5079 1
5080 7
5081 2
5082 7
5083 1
5084 7
5085 3
5086 7
5087 7
5088 7
5089 2
5090 3
5091 7
5092 1
5093 7
5094 3
5095 7
5096 7
5097 3
5098 7
5099 3
5100 7
5101 7
5102 7
5103 7
5104 3
5105 7
5106 3
5107 7
5108 7
5109 7
5110 7
5111 7
5112 7
5113 7
5114 2
5115 7
5116 7
5117 7
5118 2
5119 3
5120 3
5121 7
5122 7
5123 7
5124 3
5125 7
5126 7
5127 7
5128 7
5129 7
5130 7
5131 7
5132 7
5133 7
5134 7
5135 7
5136 3
5137 3
5138 2
5139 7
5140 4
5141 7
5142 7
5143 2
5144 7
5145 5
5146 7
5147 3
5148 3
5149 3
5150 7
5151 2
5152 7
5153 3
5154 7
5155 6
5156 3
5157 3
5158 7
5159 7
5160 1
5161 7
5162 7
5163 7
5164 7
5165 7
5166 3
5167 7
5168 5
5169 7
5170 3
5171 3
5172 7
5173 7
5174 7
5175 7
5176 7
5177 7
5178 7
5179 7
5180 7
5181 3
5182 6
5183 7
5184 3
5185 7
5186 3
5187 7
5188 2
5189 7
5190 5
5191 7
5192 2
5193 3
5194 7
5195 7
5196 7
5197 3
5198 7
5199 1
5200 7
5201 3
5202 7
5203 7
5204 7
5205 3
5206 7
5207 7
5208 2
5209 7
5210 7
5211 7
5212 7
5213 1
5214 7
5215 3
5216 7
5217 5
5218 1
5219 7
5220 7
5221 2
5222 3
5223 7
5224 2
5225 5
5226 7
5227 4
5228 7
5229 1
5230 7
5231 7
5232 7
5233 1
5234 3
5235 7
5236 4
5237 2
5238 7
5239 3
5240 4
5241 7
5242 7
5243 7
5244 5
5245 7
5246 3
5247 7
5248 6
5249 4
5250 3
5251 3
5252 3
5253 7
5254 7
5255 3
5256 1
5257 3
5258 6
5259 3
5260 3
5261 3
5262 7
5263 3
5264 7
5265 3
5266 3
5267 7
5268 7
5269 1
5270 3
5271 7
5272 3
5273 3
5274 7
5275 3
5276 7
5277 7
5278 4
5279 2
5280 7
5281 5
5282 7
5283 5
5284 7
5285 2
5286 7
5287 7
5288 3
5289 7
5290 4
5291 7
5292 7
5293 7
5294 7
5295 7
5296 7
5297 7
5298 7
5299 7
5300 2
5301 7
5302 7
5303 7
5304 4
5305 2
5306 1
5307 1
5308 7
5309 3
5310 7
5311 4
5312 7
5313 7
5314 5
5315 7
5316 7
5317 3
5318 7
5319 7
5320 0
5321 3
5322 2
5323 3
5324 3
5325 3
5326 3
5327 7
5328 7
5329 7
5330 3
5331 7
5332 2
5333 7
5334 5
5335 5
5336 6
5337 7
5338 5
5339 7
5340 7
5341 7
5342 7
5343 7
5344 2
5345 3
5346 6
5347 7
5348 3
5349 3
5350 7
5351 7
5352 3
5353 2
5354 3
5355 3
5356 3
5357 5
5358 3
5359 7
5360 7
5361 3
5362 6
5363 4
5364 7
5365 1
5366 4
5367 7
5368 7
5369 3
5370 7
5371 7
5372 7
5373 7
5374 7
5375 3
5376 7
5377 7
5378 7
5379 7
5380 5
5381 3
5382 3
5383 2
5384 3
5385 4
5386 7
5387 4
5388 7
5389 3
5390 7
5391 7
5392 7
5393 7
5394 7
5395 7
5396 7
5397 5
5398 7
5399 3
5400 7
5401 7
5402 7
5403 3
5404 6
5405 7
5406 7
5407 3
5408 7
5409 3
5410 3
5411 7
5412 4
5413 7
5414 7
5415 3
5416 7
5417 7
5418 7
5419 3
5420 1
5421 7
5422 7
5423 3
5424 3
5425 7
5426 3
5427 3
5428 7
5429 7
5430 7
5431 2
5432 3
5433 2
5434 7
5435 7
5436 7
5437 4
5438 5
5439 3
5440 7
5441 7
5442 7
5443 3
5444 3
5445 3
5446 7
5447 3
5448 7
5449 3
5450 7
5451 5
5452 3
5453 7
5454 7
5455 2
5456 7
5457 2
5458 5
5459 7
5460 7
5461 7
5462 4
5463 7
5464 3
5465 7
5466 3
5467 3
5468 7
5469 7
5470 7
5471 2
5472 3
5473 7
5474 3
5475 3
5476 3
5477 2
5478 7
5479 7
5480 7
5481 7
5482 3
5483 3
5484 7
5485 3
5486 7
5487 3
5488 3
5489 7
5490 6
5491 3
5492 7
5493 6
5494 3
5495 3
5496 3
5497 7
5498 1
5499 3
5500 7
5501 7
5502 7
5503 2
5504 7
5505 7
5506 7
5507 7
5508 7
5509 7
5510 7
5511 7
5512 7
5513 3
5514 3
5515 3
5516 3
5517 3
5518 7
5519 6
5520 5
5521 7
5522 3
5523 3
5524 7
5525 7
5526 7
5527 5
5528 6
5529 7
5530 7
5531 7
5532 7
5533 7
5534 2
5535 2
5536 7
5537 4
5538 4
5539 5
5540 6
5541 6
5542 5
5543 4
5544 7
5545 3
5546 7
5547 3
5548 7
5549 3
5550 6
5551 5
5552 4
5553 7
5554 3
5555 7
5556 2
5557 7
5558 4
5559 7
5560 1
5561 7
5562 1
5563 7
5564 3
5565 2
5566 7
5567 7
5568 7
5569 2
5570 3
5571 1
5572 7
5573 7
5574 7
5575 7
5576 7
5577 1
5578 7
5579 7
5580 1
5581 3
5582 7
5583 7
5584 1
5585 7
5586 3
5587 7
5588 7
5589 7
5590 7
5591 6
5592 7
5593 7
5594 7
5595 7
5596 7
5597 7
5598 7
5599 3
5600 3
5601 7
5602 7
5603 7
5604 1
5605 3
5606 7
5607 3
5608 7
5609 3
5610 4
5611 6
5612 7
5613 3
5614 7
5615 3
5616 7
5617 7
5618 7
5619 4
5620 7
5621 2
5622 3
5623 7
5624 7
5625 3
5626 3
5627 7
5628 7
5629 2
5630 2
5631 2
5632 7
5633 7
5634 3
5635 3
5636 7
5637 7
5638 7
5639 3
5640 7
5641 2
5642 5
5643 7
5644 3
5645 7
5646 3
5647 7
5648 6
5649 7
5650 7
5651 7
5652 7
5653 1
5654 7
5655 7
5656 3
5657 7
5658 6
5659 3
5660 7
5661 3
5662 4
5663 7
5664 0
5665 3
5666 7
5667 3
5668 7
5669 7
5670 7
5671 3
5672 7
5673 7
5674 5
5675 1
5676 3
5677 7
5678 1
5679 7
5680 3
5681 7
5682 7
5683 7
5684 7
5685 5
5686 5
5687 7
5688 7
5689 2
5690 7
5691 7
5692 7
5693 4
5694 1
5695 7
5696 3
5697 7
5698 7
5699 7
5700 7
5701 7
5702 4
5703 7
5704 7
5705 7
5706 3
5707 3
5708 7
5709 1
5710 2
5711 3
5712 3
5713 7
5714 2
5715 4
5716 6
5717 7
5718 7
5719 3
5720 3
5721 7
5722 7
5723 7
5724 5
5725 3
5726 7
5727 3
5728 7
5729 5
5730 7
5731 3
5732 7
5733 2
5734 5
5735 7
5736 2
5737 7
5738 3
5739 5
5740 3
5741 7
5742 5
5743 1
5744 7
5745 3
5746 5
5747 7
5748 7
5749 7
5750 7
5751 6
5752 4
5753 7
5754 7
5755 7
5756 7
5757 3
5758 3
5759 7
5760 7
5761 7
5762 7
5763 7
5764 7
5765 5
5766 2
5767 5
5768 2
5769 7
5770 3
5771 2
5772 7
5773 7
5774 7
5775 7
5776 3
5777 1
5778 2
5779 3
5780 2
5781 7
5782 2
5783 7
5784 7
5785 3
5786 1
5787 7
5788 3
5789 3
5790 5
5791 3
5792 4
5793 5
5794 7
5795 7
5796 7
5797 5
5798 7
5799 7
5800 2
5801 7
5802 1
5803 3
5804 5
5805 2
5806 7
5807 5
5808 7
5809 7
5810 7
5811 7
5812 3
5813 3
5814 7
5815 7
5816 7
5817 7
5818 7
5819 3
5820 7
5821 7
5822 3
5823 7
5824 7
5825 3
5826 3
5827 2
5828 3
5829 7
5830 7
5831 7
5832 3
5833 3
5834 7
5835 3
5836 2
5837 7
5838 1
5839 7
5840 5
5841 7
5842 1
5843 7
5844 7
5845 7
5846 7
5847 7
5848 7
5849 7
5850 7
5851 7
5852 2
5853 3
5854 3
5855 7
5856 7
5857 2
5858 7
5859 7
5860 4
5861 7
5862 7
5863 7
5864 3
5865 3
5866 3
5867 3
5868 7
5869 7
5870 7
5871 5
5872 7
5873 7
5874 7
5875 7
5876 1
5877 7
5878 3
5879 3
5880 3
5881 2
5882 5
5883 2
5884 3
5885 3
5886 4
5887 3
5888 5
5889 0
5890 7
5891 7
5892 7
5893 7
5894 7
5895 7
5896 3
5897 3
5898 5
5899 7
5900 5
5901 1
5902 1
5903 3
5904 7
5905 7
5906 1
5907 3
5908 7
5909 2
5910 7
5911 7
5912 3
5913 5
5914 4
5915 7
5916 7
5917 7
5918 3
5919 7
5920 2
5921 7
5922 2
5923 2
5924 7
5925 2
5926 1
5927 3
5928 7
5929 1
5930 7
5931 7
5932 7
5933 7
5934 7
5935 3
5936 2
5937 7
5938 1
5939 7
5940 4
5941 3
5942 7
5943 7
5944 7
5945 3
5946 3
5947 7
5948 2
5949 7
5950 3
5951 7
5952 7
5953 0
5954 7
5955 7
5956 5
5957 7
5958 3
5959 7
5960 3
5961 0
5962 7
5963 7
5964 7
5965 5
5966 3
5967 3
5968 3
5969 7
5970 7
5971 1
5972 3
5973 7
5974 7
5975 3
5976 7
5977 5
5978 3
5979 7
5980 7
5981 3
5982 3
5983 3
5984 7
5985 7
5986 3
5987 6
5988 4
5989 7
5990 7
5991 6
5992 3
5993 7
5994 7
5995 3
5996 7
5997 4
5998 7
5999 3
6000 7
6001 2
6002 3
6003 7
6004 7
6005 5
6006 3
6007 7
6008 6
6009 3
6010 3
6011 7
6012 7
6013 7
6014 3
6015 7
6016 7
6017 4
6018 7
6019 7
6020 7
6021 7
6022 3
6023 7
6024 5
6025 7
6026 3
6027 4
6028 7
6029 3
6030 3
6031 2
6032 1
6033 7
6034 7
6035 3
6036 1
6037 7
6038 7
6039 5
6040 7
6041 7
6042 3
6043 6
6044 7
6045 5
6046 3
6047 7
6048 7
6049 7
6050 7
6051 1
6052 7
6053 7
6054 7
6055 7
6056 7
6057 7
6058 7
6059 7
6060 6
6061 3
6062 3
6063 4
6064 3
6065 7
6066 3
6067 2
6068 7
6069 2
6070 7
6071 1
6072 7
6073 3
6074 3
6075 2
6076 7
6077 7
6078 7
6079 3
6080 2
6081 7
6082 7
6083 3
6084 7
6085 7
6086 7
6087 7
6088 7
6089 7
6090 7
6091 7
6092 7
6093 7
6094 5
6095 5
6096 3
6097 7
6098 7
6099 7
6100 7
6101 7
6102 1
6103 3
6104 7
6105 7
6106 7
6107 3
6108 7
6109 3
6110 7
6111 7
6112 3
6113 4
6114 5
6115 7
6116 3
6117 5
6118 7
6119 7
6120 7
6121 5
6122 7
6123 3
6124 7
6125 3
6126 3
6127 3
6128 7
6129 3
6130 7
6131 3
6132 7
6133 7
6134 7
6135 7
6136 7
6137 3
6138 2
6139 7
6140 7
6141 7
6142 7
6143 7
6144 7
6145 3
6146 3
6147 2
6148 6
6149 7
6150 2
6151 7
6152 7
6153 7
6154 3
6155 3
6156 0
6157 5
6158 3
6159 7
6160 3
6161 1
6162 7
6163 7
6164 7
6165 3
6166 3
6167 7
6168 4
6169 7
6170 3
6171 1
6172 1
6173 7
6174 0
6175 7
6176 1
6177 3
6178 7
6179 7
6180 7
6181 7
6182 3
6183 7
6184 4
6185 5
6186 3
6187 7
6188 3
6189 3
6190 7
6191 5
6192 3
6193 7
6194 3
6195 7
6196 2
6197 7
6198 7
6199 7
6200 2
6201 3
6202 3
6203 7
6204 1
6205 1
6206 3
6207 7
6208 7
6209 7
6210 3
6211 7
6212 7
6213 1
6214 7
6215 3
6216 7
6217 7
6218 3
6219 7
6220 3
6221 1
6222 3
6223 2
6224 3
6225 7
6226 7
6227 5
6228 5
6229 7
6230 7
6231 7
6232 7
6233 7
6234 3
6235 7
6236 7
6237 3
6238 3
6239 7
6240 7
6241 3
6242 3
6243 2
6244 7
6245 7
6246 7
6247 7
6248 7
6249 7
6250 3
6251 1
6252 3
6253 7
6254 3
6255 7
6256 3
6257 7
6258 7
6259 7
6260 7
6261 3
6262 7
6263 5
6264 7
6265 7
6266 6
6267 7
6268 3
6269 7
6270 2
6271 7
6272 7
6273 7
6274 7
6275 3
6276 2
6277 3
6278 7
6279 3
6280 3
6281 5
6282 0
6283 7
6284 2
6285 7
6286 7
6287 7
6288 1
6289 4
6290 7
6291 3
6292 5
6293 7
6294 7
6295 3
6296 7
6297 3
6298 3
6299 3
6300 7
6301 7
6302 7
6303 7
6304 4
6305 7
6306 3
6307 2
6308 7
6309 7
6310 3
6311 7
6312 3
6313 2
6314 7
6315 7
6316 6
6317 7
6318 7
6319 3
6320 7
6321 7
6322 7
6323 7
6324 2
6325 1
6326 3
6327 2
6328 7
6329 7
6330 1
6331 2
6332 2
6333 7
6334 7
6335 7
6336 2
6337 3
6338 7
6339 3
6340 3
6341 7
6342 2
6343 2
6344 7
6345 7
6346 7
6347 6
6348 7
6349 7
6350 7
6351 7
6352 7
6353 1
6354 7
6355 2
6356 7
6357 7
6358 3
6359 7
6360 3
6361 7
6362 7
6363 3
6364 3
6365 7
6366 7
6367 7
6368 3
6369 1
6370 7
6371 7
6372 7
6373 2
6374 7
6375 7
6376 7
6377 7
6378 7
6379 1
6380 2
6381 7
6382 3
6383 3
6384 3
6385 7
6386 3
6387 3
6388 7
6389 7
6390 6
6391 7
6392 7
6393 3
6394 3
6395 3
6396 7
6397 7
6398 7
6399 7
6400 3
6401 7
6402 2
6403 5
6404 2
6405 7
6406 7
6407 3
6408 7
6409 3
6410 7
6411 7
6412 7
6413 3
6414 1
6415 5
6416 3
6417 3
6418 1
6419 3
6420 7
6421 7
6422 3
6423 7
6424 3
6425 7
6426 3
6427 1
6428 3
6429 3
6430 3
6431 1
6432 3
6433 5
6434 7
6435 3
6436 7
6437 2
6438 2
6439 7
6440 7
6441 7
6442 7
6443 1
6444 3
6445 7
6446 7
6447 7
6448 7
6449 5
6450 5
6451 2
6452 7
6453 7
6454 7
6455 7
6456 7
6457 7
6458 7
6459 3
6460 7
6461 3
6462 7
6463 7
6464 5
6465 7
6466 2
6467 2
6468 7
6469 3
6470 7
6471 7
6472 7
6473 1
6474 5
6475 4
6476 7
6477 7
6478 4
6479 3
6480 3
6481 3
6482 3
6483 7
6484 7
6485 7
6486 7
6487 3
6488 7
6489 7
6490 5
6491 7
6492 3
6493 3
6494 7
6495 7
6496 5
6497 7
6498 7
6499 1
6500 3
6501 5
6502 5
6503 1
6504 6
6505 3
6506 1
6507 3
6508 7
6509 7
6510 7
6511 7
6512 2
6513 7
6514 5
6515 7
6516 7
6517 1
6518 4
6519 7
6520 3
6521 3
6522 7
6523 3
6524 3
6525 3
6526 3
6527 2
6528 3
6529 3
6530 3
6531 3
6532 7
6533 2
6534 5
6535 3
6536 7
6537 7
6538 7
6539 3
6540 7
6541 5
6542 7
6543 7
6544 3
6545 7
6546 7
6547 7
6548 5
6549 7
6550 7
6551 3
6552 7
6553 7
6554 4
6555 7
6556 5
6557 3
6558 7
6559 3
6560 7
6561 7
6562 2
6563 3
6564 7
6565 7
6566 7
6567 3
6568 3
6569 7
6570 3
6571 3
6572 3
6573 1
6574 3
6575 7
6576 7
6577 7
6578 1
6579 6
6580 7
6581 3
6582 7
6583 1
6584 3
6585 5
6586 7
6587 2
6588 7
6589 7
6590 3
6591 7
6592 3
6593 7
6594 3
6595 3
6596 7
6597 7
6598 7
6599 3
6600 7
6601 5
6602 7
6603 7
6604 3
6605 3
6606 3
6607 7
6608 7
6609 3
6610 3
6611 7
6612 7
6613 3
6614 7
6615 7
6616 7
6617 3
6618 7
6619 3
6620 1
6621 7
6622 1
6623 3
6624 3
6625 7
6626 3
6627 6
6628 3
6629 3
6630 3
6631 4
6632 1
6633 2
6634 3
6635 7
6636 2
6637 3
6638 7
6639 7
6640 5
6641 7
6642 7
6643 7
6644 3
6645 7
6646 7
6647 3
6648 7
6649 7
6650 7
6651 7
6652 3
6653 3
6654 7
6655 3
6656 7
6657 3
6658 3
6659 5
6660 3
6661 3
6662 7
6663 1
6664 3
6665 7
6666 5
6667 7
6668 2
6669 7
6670 5
6671 7
6672 5
6673 7
6674 3
6675 7
6676 5
6677 7
6678 2
6679 3
6680 3
6681 7
6682 7
6683 7
6684 3
6685 3
6686 3
6687 7
6688 3
6689 7
6690 1
6691 3
6692 3
6693 7
6694 3
6695 7
6696 2
6697 7
6698 7
6699 3
6700 7
6701 7
6702 2
6703 7
6704 7
6705 7
6706 7
6707 7
6708 2
6709 5
6710 7
6711 7
6712 7
6713 5
6714 7
6715 5
6716 2
6717 2
6718 3
6719 3
6720 3
6721 7
6722 2
6723 3
6724 7
6725 3
6726 3
6727 3
6728 7
6729 7
6730 3
6731 7
6732 7
6733 7
6734 7
6735 7
6736 3
6737 7
6738 5
6739 7
6740 7
6741 5
6742 3
6743 1
6744 7
6745 7
6746 7
6747 3
6748 7
6749 2
6750 7
6751 7
6752 5
6753 7
6754 7
6755 7
6756 7
6757 3
6758 7
6759 7
6760 5
6761 3
6762 7
6763 7
6764 7
6765 0
6766 5
6767 3
6768 7
6769 1
6770 5
6771 3
6772 3
6773 5
6774 1
6775 3
6776 7
6777 3
6778 7
6779 1
6780 3
6781 3
6782 7
6783 7
6784 3
6785 1
6786 3
6787 7
6788 3
6789 7
6790 3
6791 3
6792 3
6793 7
6794 3
6795 7
6796 3
6797 5
6798 7
6799 3
6800 3
6801 7
6802 3
6803 7
6804 3
6805 7
6806 3
6807 5
6808 7
6809 1
6810 7
6811 3
6812 7
6813 7
6814 7
6815 3
6816 3
6817 7
6818 7
6819 7
6820 7
6821 4
6822 3
6823 5
6824 7
6825 3
6826 7
6827 7
6828 7
6829 7
6830 7
6831 7
6832 7
6833 1
6834 7
6835 7
6836 7
6837 7
6838 7
6839 7
6840 3
6841 3
6842 3
6843 3
6844 3
6845 7
6846 3
6847 6
6848 3
6849 7
6850 2
6851 3
6852 3
6853 3
6854 7
6855 3
6856 6
6857 5
6858 3
6859 2
6860 7
6861 7
6862 7
6863 7
6864 7
6865 7
6866 7
6867 7
6868 7
6869 3
6870 3
6871 3
6872 7
6873 7
6874 2
6875 3
6876 7
6877 7
6878 7
6879 7
6880 3
6881 5
6882 7
6883 5
6884 7
6885 3
6886 3
6887 3
6888 3
6889 3
6890 2
6891 3
6892 3
6893 7
6894 7
6895 7
6896 4
6897 1
6898 7
6899 7
6900 6
6901 3
6902 7
6903 7
6904 7
6905 3
6906 2
6907 3
6908 7
6909 6
6910 7
6911 3
6912 3
6913 7
6914 7
6915 7
6916 3
6917 5
6918 3
6919 3
6920 7
6921 6
6922 7
6923 7
6924 7
6925 7
6926 3
6927 3
6928 1
6929 2
6930 7
6931 7
6932 3
6933 5
6934 7
6935 1
6936 3
6937 7
6938 7
6939 3
6940 3
6941 6
6942 5
6943 7
6944 7
6945 7
6946 7
6947 6
6948 7
6949 7
6950 7
6951 7
6952 7
6953 7
6954 7
6955 3
6956 3
6957 3
6958 3
6959 7
6960 5
6961 3
6962 6
6963 7
6964 7
6965 5
6966 7
6967 4
6968 5
6969 7
6970 7
6971 2
6972 3
6973 7
6974 7
6975 7
6976 6
6977 7
6978 7
6979 3
6980 7
6981 7
6982 7
6983 5
6984 3
6985 2
6986 7
6987 7
6988 3
6989 7
6990 5
6991 7
6992 7
6993 7
6994 3
6995 2
6996 3
6997 7
6998 7
6999 7
7000 3
7001 7
7002 3
7003 7
7004 7
7005 7
7006 7
7007 3
7008 7
7009 7
7010 7
7011 3
7012 7
7013 7
7014 7
7015 7
7016 7
7017 3
7018 7
7019 7
7020 3
7021 3
7022 1
7023 7
7024 7
7025 3
7026 7
7027 7
7028 7
7029 7
7030 3
7031 7
7032 3
7033 3
7034 7
7035 7
7036 3
7037 7
7038 7
7039 3
7040 3
7041 7
7042 7
7043 3
7044 3
7045 3
7046 7
7047 7
7048 7
7049 7
7050 6
7051 7
7052 2
7053 1
7054 7
7055 5
7056 3
7057 5
7058 3
7059 7
7060 7
7061 7
7062 6
7063 7
7064 7
7065 3
7066 3
7067 7
7068 7
7069 7
7070 3
7071 2
7072 3
7073 3
7074 5
7075 7
7076 7
7077 4
7078 7
7079 5
7080 5
7081 7
7082 7
7083 3
7084 3
7085 3
7086 7
7087 7
7088 6
7089 7
7090 7
7091 7
7092 3
7093 7
7094 5
7095 3
7096 3
7097 7
7098 3
7099 7
7100 5
7101 7
7102 7
7103 6
7104 7
7105 3
7106 7
7107 3
7108 7
7109 7
7110 5
7111 2
7112 3
7113 5
7114 7
7115 7
7116 7
7117 7
7118 7
7119 7
7120 7
7121 3
7122 3
7123 3
7124 7
7125 4
7126 3
7127 4
7128 3
7129 3
7130 7
7131 7
7132 7
7133 7
7134 7
7135 3
7136 7
7137 3
7138 7
7139 3
7140 3
7141 3
7142 4
7143 6
7144 3
7145 7
7146 3
7147 3
7148 7
7149 7
7150 3
7151 7
7152 7
7153 7
7154 7
7155 6
7156 7
7157 6
7158 3
7159 7
7160 3
7161 3
7162 4
7163 3
7164 3
7165 7
7166 5
7167 3
7168 7
7169 3
7170 7
7171 7
7172 7
7173 7
7174 7
7175 5
7176 3
7177 7
7178 6
7179 7
7180 7
7181 2
7182 3
7183 3
7184 3
7185 7
7186 7
7187 3
7188 7
7189 1
7190 7
7191 2
7192 4
7193 7
7194 3
7195 7
7196 7
7197 7
7198 1
7199 3
7200 7
7201 1
7202 7
7203 7
7204 3
7205 3
7206 7
7207 3
7208 5
7209 6
7210 7
7211 3
7212 6
7213 7
7214 7
7215 7
7216 4
7217 3
7218 1
7219 7
7220 7
7221 1
7222 7
7223 3
7224 7
7225 7
7226 5
7227 2
7228 5
7229 7
7230 7
7231 3
7232 3
7233 7
7234 7
7235 3
7236 0
7237 7
7238 3
7239 3
7240 7
7241 1
7242 1
7243 1
7244 7
7245 7
7246 7
7247 3
7248 6
7249 7
7250 7
7251 7
7252 7
7253 5
7254 7
7255 3
7256 7
7257 3
7258 7
7259 2
7260 3
7261 7
7262 7
7263 7
7264 7
7265 3
7266 7
7267 4
7268 7
7269 3
7270 7
7271 7
7272 4
7273 7
7274 5
7275 3
7276 2
7277 7
7278 2
7279 7
7280 2
7281 3
7282 3
7283 7
7284 7
7285 7
7286 3
7287 7
7288 6
7289 7
7290 7
7291 7
7292 7
7293 7
7294 6
7295 7
7296 2
7297 3
7298 7
7299 3
7300 7
7301 7
7302 7
7303 3
7304 3
7305 7
7306 2
7307 7
7308 7
7309 7
7310 7
7311 7
7312 7
7313 7
7314 3
7315 7
7316 7
7317 7
7318 7
7319 7
7320 5
7321 7
7322 7
7323 7
7324 3
7325 3
7326 3
7327 7
7328 2
7329 0
7330 3
7331 2
7332 5
7333 7
7334 3
7335 0
7336 3
7337 3
7338 3
7339 3
7340 5
7341 2
7342 7
7343 1
7344 7
7345 7
7346 3
7347 7
7348 7
7349 0
7350 7
7351 7
7352 3
7353 3
7354 1
7355 3
7356 2
7357 7
7358 7
7359 7
7360 3
7361 7
7362 2
7363 5
7364 7
7365 7
7366 6
7367 7
7368 7
7369 7
7370 7
7371 1
7372 7
7373 7
7374 4
7375 7
7376 7
7377 5
7378 3
7379 7
7380 5
7381 7
7382 7
7383 7
7384 3
7385 1
7386 7
7387 2
7388 1
7389 7
7390 7
7391 7
7392 7
7393 7
7394 2
7395 3
7396 7
7397 7
7398 3
7399 3
7400 7
7401 7
7402 7
7403 7
7404 7
7405 7
7406 3
7407 7
7408 7
7409 7
7410 3
7411 7
7412 3
7413 7
7414 3
7415 3
7416 3
7417 7
7418 7
7419 3
7420 5
7421 5
7422 3
7423 3
7424 3
7425 7
7426 7
7427 3
7428 3
7429 5
7430 7
7431 7
7432 7
7433 7
7434 7
7435 3
7436 3
7437 2
7438 7
7439 7
7440 7
7441 3
7442 7
7443 7
7444 5
7445 7
7446 2
7447 6
7448 3
7449 7
7450 7
7451 3
7452 7
7453 7
7454 7
7455 7
7456 2
7457 7
7458 7
7459 7
7460 7
7461 7
7462 3
7463 7
7464 2
7465 7
7466 3
7467 7
7468 7
7469 5
7470 5
7471 3
7472 7
7473 3
7474 3
7475 7
7476 7
7477 6
7478 1
7479 5
7480 7
7481 3
7482 7
7483 4
7484 7
7485 7
7486 7
7487 7
7488 7
7489 7
7490 3
7491 1
7492 2
7493 7
7494 3
7495 7
7496 7
7497 7
7498 1
7499 7
7500 7
7501 5
7502 7
7503 7
7504 5
7505 3
7506 7
7507 4
7508 7
7509 7
7510 5
7511 7
7512 7
7513 7
7514 7
7515 7
7516 3
7517 7
7518 7
7519 7
7520 3
7521 7
7522 7
7523 7
7524 7
7525 7
7526 7
7527 7
7528 3
7529 3
7530 7
7531 2
7532 5
7533 3
7534 5
7535 3
7536 2
7537 5
7538 7
7539 3
7540 3
7541 7
7542 5
7543 7
7544 7
7545 3
7546 7
7547 3
7548 7
7549 3
7550 7
7551 3
7552 7
7553 4
7554 3
7555 3
7556 7
7557 7
7558 7
7559 7
7560 5
7561 7
7562 7
7563 7
7564 1
7565 7
7566 7
7567 7
7568 5
7569 7
7570 7
7571 7
7572 2
7573 2
7574 1
7575 3
7576 7
7577 5
7578 7
7579 7
7580 3
7581 7
7582 2
7583 3
7584 2
7585 3
7586 3
7587 3
7588 5
7589 7
7590 7
7591 2
7592 5
7593 7
7594 1
7595 7
7596 7
7597 7
7598 7
7599 5
7600 7
7601 7
7602 1
7603 7
7604 7
7605 4
7606 3
7607 7
7608 7
7609 5
7610 7
7611 1
7612 3
7613 7
7614 7
7615 7
7616 1
7617 3
7618 3
7619 7
7620 7
7621 7
7622 7
7623 2
7624 7
7625 5
7626 3
7627 7
7628 7
7629 3
7630 7
7631 7
7632 5
7633 4
7634 5
7635 7
7636 7
7637 7
7638 3
7639 7
7640 3
7641 7
7642 7
7643 2
7644 7
7645 3
7646 2
7647 7
7648 7
7649 7
7650 5
7651 1
7652 7
7653 7
7654 3
7655 7
7656 5
7657 7
7658 3
7659 3
7660 7
7661 7
7662 7
7663 7
7664 7
7665 7
7666 5
7667 7
7668 7
7669 7
7670 7
7671 3
7672 2
7673 7
7674 5
7675 7
7676 7
7677 7
7678 3
7679 3
7680 7
7681 3
7682 6
7683 7
7684 3
7685 7
7686 7
7687 5
7688 3
7689 7
7690 3
7691 2
7692 7
7693 7
7694 7
7695 7
7696 2
7697 7
7698 3
7699 7
7700 7
7701 7
7702 2
7703 2
7704 7
7705 4
7706 7
7707 3
7708 3
7709 1
7710 7
7711 3
7712 3
7713 3
7714 7
7715 7
7716 5
7717 7
7718 7
7719 7
7720 3
7721 7
7722 7
7723 3
7724 7
7725 3
7726 7
7727 7
7728 5
7729 7
7730 7
7731 5
7732 2
7733 7
7734 2
7735 1
7736 7
7737 7
7738 3
7739 7
7740 5
7741 2
7742 6
7743 3
7744 3
7745 7
7746 5
7747 3
7748 7
7749 3
7750 7
7751 3
7752 2
7753 3
7754 3
7755 6
7756 2
7757 3
7758 7
7759 5
7760 7
7761 2
7762 7
7763 7
7764 7
7765 5
7766 4
7767 5
7768 7
7769 4
7770 5
7771 7
7772 3
7773 3
7774 5
7775 3
7776 7
7777 7
7778 3
7779 7
7780 1
7781 7
7782 7
7783 3
7784 7
7785 7
7786 3
7787 3
7788 3
7789 7
7790 3
7791 3
7792 7
7793 7
7794 3
7795 7
7796 7
7797 2
7798 7
7799 3
7800 3
7801 3
7802 7
7803 7
7804 3
7805 7
7806 5
7807 7
7808 5
7809 7
7810 3
7811 7
7812 5
7813 3
7814 3
7815 3
7816 7
7817 7
7818 3
7819 3
7820 3
7821 3
7822 3
7823 7
7824 5
7825 7
7826 3
7827 7
7828 3
7829 2
7830 2
7831 3
7832 7
7833 3
7834 3
7835 4
7836 7
7837 7
7838 6
7839 7
7840 7
7841 6
7842 5
7843 7
7844 7
7845 2
7846 2
7847 3
7848 2
7849 7
7850 1
7851 7
7852 3
7853 7
7854 7
7855 7
7856 7
7857 7
7858 3
7859 3
7860 7
7861 7
7862 3
7863 7
7864 7
7865 3
7866 7
7867 7
7868 3
7869 1
7870 3
7871 7
7872 3
7873 7
7874 7
7875 4
7876 7
7877 4
7878 5
7879 3
7880 7
7881 7
7882 7
7883 7
7884 5
7885 7
7886 1
7887 7
7888 7
7889 7
7890 7
7891 7
7892 1
7893 2
7894 7
7895 2
7896 7
7897 3
7898 7
7899 7
7900 7
7901 3
7902 3
7903 7
7904 3
7905 7
7906 3
7907 5
7908 7
7909 7
7910 7
7911 7
7912 7
7913 7
7914 5
7915 3
7916 7
7917 5
7918 7
7919 3
7920 7
7921 7
7922 3
7923 3
7924 4
7925 7
7926 3
7927 7
7928 7
7929 6
7930 7
7931 3
7932 3
7933 7
7934 3
7935 7
7936 3
7937 7
7938 7
7939 2
7940 7
7941 2
7942 3
7943 7
7944 7
7945 7
7946 6
7947 2
7948 3
7949 3
7950 7
7951 3
7952 7
7953 7
7954 2
7955 7
7956 7
7957 6
7958 7
7959 3
7960 6
7961 2
7962 7
7963 3
7964 3
7965 7
7966 2
7967 7
7968 7
7969 1
7970 1
7971 7
7972 7
7973 7
7974 3
7975 5
7976 7
7977 7
7978 3
7979 5
7980 3
7981 7
7982 3
7983 2
7984 7
7985 7
7986 1
7987 7
7988 5
7989 3
7990 7
7991 3
7992 7
7993 3
7994 3
7995 7
7996 7
7997 7
7998 5
7999 7
8000 7
8001 5
8002 3
8003 7
8004 3
8005 5
8006 7
8007 3
8008 3
8009 2
8010 7
8011 7
8012 3
8013 7
8014 3
8015 7
8016 2
8017 5
8018 7
8019 7
8020 7
8021 7
8022 7
8023 7
8024 2
8025 7
8026 7
8027 1
8028 0
8029 2
8030 1
8031 7
8032 7
8033 7
8034 3
8035 3
8036 7
8037 7
8038 7
8039 5
8040 7
8041 7
8042 7
8043 7
8044 7
8045 3
8046 6
8047 3
8048 2
8049 7
8050 2
8051 2
8052 7
8053 0
8054 7
8055 2
8056 7
8057 3
8058 3
8059 7
8060 3
8061 3
8062 2
8063 3
8064 6
8065 7
8066 2
8067 1
8068 3
8069 5
8070 3
8071 3
8072 2
8073 7
8074 4
8075 6
8076 7
8077 3
8078 7
8079 7
8080 5
8081 7
8082 7
8083 5
8084 7
8085 3
8086 3
8087 7
8088 1
8089 2
8090 5
8091 5
8092 7
8093 3
8094 1
8095 7
8096 5
8097 7
8098 3
8099 5
8100 3
8101 7
8102 5
8103 5
8104 3
8105 3
8106 7
8107 3
8108 7
8109 3
8110 5
8111 7
8112 3
8113 7
8114 7
8115 7
8116 2
8117 7
8118 7
8119 2
8120 7
8121 3
8122 7
8123 3
8124 2
8125 7
8126 5
8127 3
8128 3
8129 2
8130 3
8131 3
8132 7
8133 5
8134 7
8135 5
8136 7
8137 7
8138 7
8139 7
8140 3
8141 2
8142 7
8143 3
8144 3
8145 2
8146 3
8147 2
8148 4
8149 3
8150 7
8151 7
8152 3
8153 7
8154 7
8155 1
8156 7
8157 3
8158 7
8159 3
8160 7
8161 2
8162 3
8163 3
8164 7
8165 3
8166 7
8167 5
8168 7
8169 7
8170 7
8171 7
8172 7
8173 7
8174 2
8175 7
8176 4
8177 7
8178 5
8179 7
8180 7
8181 7
8182 7
8183 7
8184 3
8185 7
8186 7
8187 7
8188 7
8189 7
8190 2
8191 7
8192 3
8193 7
8194 5
8195 7
8196 7
8197 7
8198 3
8199 3
8200 3
8201 7
8202 2
8203 7
8204 1
8205 3
8206 7
8207 7
8208 3
8209 7
8210 3
8211 7
8212 7
8213 3
8214 1
8215 7
8216 1
8217 1
8218 3
8219 5
8220 7
8221 2
8222 3
8223 4
8224 6
8225 7
8226 7
8227 7
8228 7
8229 3
8230 7
8231 7
8232 7
8233 1
8234 3
8235 3
8236 3
8237 7
8238 7
8239 3
8240 3
8241 7
8242 7
8243 1
8244 3
8245 7
8246 7
8247 7
8248 7
8249 2
8250 3
8251 1
8252 5
8253 2
8254 5
8255 7
8256 7
8257 1
8258 3
8259 4
8260 7
8261 7
8262 7
8263 3
8264 7
8265 3
8266 7
8267 7
8268 7
8269 3
8270 7
8271 3
8272 7
8273 7
8274 7
8275 3
8276 3
8277 7
8278 7
8279 7
8280 5
8281 7
8282 7
8283 0
8284 7
8285 7
8286 7
8287 3
8288 7
8289 7
8290 4
8291 7
8292 3
8293 1
8294 7
8295 7
8296 1
8297 3
8298 7
8299 6
8300 7
8301 7
8302 7
8303 3
8304 7
8305 7
8306 2
8307 7
8308 5
8309 7
8310 3
8311 7
8312 7
8313 1
8314 7
8315 7
8316 1
8317 7
8318 5
8319 7
8320 7
8321 7
8322 3
8323 7
8324 7
8325 3
8326 7
8327 6
8328 3
8329 7
8330 7
8331 7
8332 7
8333 3
8334 3
8335 7
8336 2
8337 3
8338 3
8339 7
8340 5
8341 7
8342 3
8343 7
8344 3
8345 3
8346 3
8347 7
8348 5
8349 2
8350 3
8351 7
8352 2
8353 5
8354 7
8355 3
8356 3
8357 1
8358 7
8359 7
8360 6
8361 7
8362 5
8363 7
8364 3
8365 3
8366 7
8367 7
8368 7
8369 3
8370 7
8371 2
8372 7
8373 7
8374 4
8375 7
8376 6
8377 3
8378 7
8379 7
8380 7
8381 7
8382 7
8383 3
8384 7
8385 7
8386 1
8387 7
8388 7
8389 7
8390 7
8391 3
8392 7
8393 7
8394 7
8395 7
8396 2
8397 7
8398 7
8399 3
8400 7
8401 7
8402 7
8403 7
8404 7
8405 7
8406 3
8407 7
8408 7
8409 7
8410 1
8411 7
8412 5
8413 3
8414 7
8415 3
8416 7
8417 7
8418 3
8419 7
8420 7
8421 3
8422 3
8423 7
8424 7
8425 3
8426 7
8427 7
8428 7
8429 7
8430 3
8431 3
8432 7
8433 1
8434 7
8435 1
8436 7
8437 7
8438 7
8439 3
8440 5
8441 7
8442 7
8443 3
8444 7
8445 2
8446 7
8447 7
8448 7
8449 7
8450 7
8451 3
8452 7
8453 7
8454 7
8455 7
8456 3
8457 3
8458 7
8459 3
8460 3
8461 1
8462 7
8463 7
8464 5
8465 3
8466 7
8467 7
8468 7
8469 4
8470 4
8471 3
8472 7
8473 4
8474 7
8475 3
8476 1
8477 7
8478 1
8479 2
8480 7
8481 3
8482 7
8483 7
8484 3
8485 3
8486 7
8487 7
8488 7
8489 7
8490 4
8491 3
8492 7
8493 5
8494 7
8495 7
8496 2
8497 2
8498 3
8499 1
8500 3
8501 3
8502 3
8503 4
8504 7
8505 7
8506 7
8507 7
8508 7
8509 7
8510 7
8511 7
8512 3
8513 3
8514 3
8515 5
8516 7
8517 7
8518 7
8519 3
8520 3
8521 7
8522 7
8523 7
8524 7
8525 3
8526 7
8527 7
8528 7
8529 3
8530 7
8531 7
8532 3
8533 7
8534 4
8535 1
8536 7
8537 7
8538 2
8539 7
8540 7
8541 1
8542 3
8543 1
8544 1
8545 3
8546 7
8547 3
8548 7
8549 7
8550 3
8551 3
8552 3
8553 7
8554 3
8555 7
8556 6
8557 7
8558 3
8559 7
8560 7
8561 7
8562 1
8563 7
8564 7
8565 3
8566 2
8567 7
8568 3
8569 7
8570 7
8571 5
8572 3
8573 7
8574 7
8575 4
8576 7
8577 3
8578 5
8579 2
8580 7
8581 3
8582 7
8583 7
8584 7
8585 2
8586 7
8587 7
8588 3
8589 5
8590 4
8591 0
8592 2
8593 3
8594 7
8595 7
8596 2
8597 7
8598 7
8599 3
8600 7
8601 3
8602 7
8603 2
8604 7
8605 3
8606 0
8607 3
8608 3
8609 7
8610 7
8611 5
8612 1
8613 7
8614 3
8615 7
8616 7
8617 3
8618 7
8619 7
8620 3
8621 7
8622 7
8623 7
8624 7
8625 7
8626 7
8627 4
8628 3
8629 7
8630 3
8631 5
8632 7
8633 3
8634 7
8635 7
8636 7
8637 7
8638 7
8639 7
8640 7
8641 5
8642 6
8643 7
8644 3
8645 7
8646 5
8647 7
8648 3
8649 3
8650 7
8651 7
8652 4
8653 7
8654 2
8655 3
8656 3
8657 7
8658 3
8659 7
8660 2
8661 7
8662 3
8663 6
8664 3
8665 7
8666 7
8667 7
8668 4
8669 7
8670 3
8671 7
8672 7
8673 3
8674 2
8675 7
8676 3
8677 7
8678 5
8679 7
8680 7
8681 3
8682 7
8683 3
8684 2
8685 7
8686 5
8687 7
8688 2
8689 7
8690 7
8691 3
8692 3
8693 3
8694 2
8695 7
8696 7
8697 7
8698 3
8699 7
8700 4
8701 3
8702 6
8703 3
8704 7
8705 2
8706 7
8707 3
8708 7
8709 5
8710 7
8711 7
8712 7
8713 3
8714 3
8715 7
8716 7
8717 6
8718 5
8719 3
8720 3
8721 5
8722 7
8723 3
8724 7
8725 5
8726 7
8727 7
8728 5
8729 7
8730 7
8731 5
8732 2
8733 3
8734 7
8735 7
8736 7
8737 7
8738 3
8739 3
8740 5
8741 2
8742 7
8743 7
8744 3
8745 3
8746 7
8747 3
8748 3
8749 2
8750 7
8751 7
8752 7
8753 7
8754 7
8755 7
8756 7
8757 3
8758 2
8759 3
8760 3
8761 7
8762 2
8763 7
8764 2
8765 7
8766 7
8767 5
8768 7
8769 7
8770 7
8771 4
8772 3
8773 1
8774 7
8775 7
8776 3
8777 2
8778 7
8779 6
8780 3
8781 7
8782 3
8783 7
8784 7
8785 7
8786 6
8787 3
8788 6
8789 7
8790 7
8791 2
8792 7
8793 3
8794 3
8795 7
8796 7
8797 5
8798 3
8799 3
8800 3
8801 2
8802 7
8803 6
8804 3
8805 7
8806 1
8807 3
8808 3
8809 1
8810 4
8811 3
8812 1
8813 7
8814 7
8815 7
8816 6
8817 7
8818 3
8819 7
8820 7
8821 7
8822 2
8823 4
8824 7
8825 3
8826 3
8827 7
8828 3
8829 7
8830 7
8831 2
8832 7
8833 7
8834 3
8835 7
8836 7
8837 7
8838 7
8839 7
8840 1
8841 3
8842 7
8843 7
8844 7
8845 4
8846 7
8847 7
8848 7
8849 7
8850 0
8851 1
8852 7
8853 7
8854 7
8855 7
8856 7
8857 6
8858 7
8859 7
8860 3
8861 6
8862 7
8863 4
8864 7
8865 3
8866 7
8867 2
8868 7
8869 7
8870 6
8871 7
8872 7
8873 7
8874 7
8875 3
8876 1
8877 3
8878 7
8879 4
8880 7
8881 3
8882 3
8883 7
8884 7
8885 3
8886 5
8887 6
8888 3
8889 4
8890 7
8891 7
8892 3
8893 7
8894 5
8895 5
8896 3
8897 2
8898 3
8899 7
8900 7
8901 3
8902 1
8903 7
8904 7
8905 7
8906 7
8907 7
8908 2
8909 7
8910 5
8911 3
8912 7
8913 7
8914 7
8915 2
8916 5
8917 7
8918 3
8919 7
8920 1
8921 3
8922 3
8923 1
8924 7
8925 7
8926 4