1 1
2 2
3 1
4 1
5 15
6 4
7 1
8 4
9 1
10 2
11 1
12 1
13 15
14 1
15 1
16 1
17 1
18 0
19 0
20 1
21 1
22 7
23 8
24 0
25 2
26 2
27 1
28 4
29 4
30 1
31 4
32 2
33 13
34 15
35 15
36 1
37 1
38 1
39 15
40 6
41 13
42 1
43 1
44 0
45 13
46 0
47 13
48 1
49 2
50 2
51 1
52 1
53 6
54 1
55 15
56 1
57 1
58 1
59 1
60 1
61 1
62 12
63 15
64 1
65 1
66 15
67 1
68 1
69 1
70 0
71 1
72 1
73 15
74 4
75 1
76 14
77 1
78 1
79 1
80 1
81 1
82 1
83 1
84 2
85 6
86 1
87 1
88 1
89 15
90 8
91 4
92 1
93 1
94 8
95 1
96 4
97 1
98 13
99 13
100 4
101 1
102 1
103 1
104 1
105 1
106 1
107 2
108 15
109 1
110 1
111 1
112 0
113 1
114 1
115 1
116 1
117 1
118 1
119 1
120 1
121 4
122 1
123 2
124 15
125 6
126 1
127 15
128 15
129 4
130 4
131 6
132 8
133 1
134 1
135 1
136 2
137 6
138 1
139 1
140 1
141 13
142 0
143 1
144 1
145 0
146 1
147 1
148 0
149 1
150 15
151 1
152 1
153 5
154 10
155 11
156 2
157 2
158 4
159 1
160 0
161 2
162 2
163 3
164 15
165 1
166 1
167 1
168 11
169 0
170 1
171 8
172 4
173 1
174 2
175 1
176 1
177 1
178 15
179 1
180 1
181 1
182 1
183 1
184 2
185 1
186 4
187 1
188 2
189 11
190 1
191 13
192 0
193 2
194 5
195 2
196 2
197 4
198 1
199 2
200 15
201 5
202 1
203 2
204 4
205 1
206 1
207 5
208 1
209 2
210 9
211 0
212 1
213 1
214 1
215 1
216 3
217 8
218 5
219 5
220 15
221 1
222 15
223 2
224 2
225 13
226 2
227 6
228 12
229 1
230 1
231 15
232 1
233 4
234 1
235 7
236 5
237 0
238 2
239 1
240 2
241 4
242 13
243 4
244 1
245 1
246 1
247 1
248 8
249 13
250 4
251 4
252 6
253 11
254 4
255 4
256 4
257 1
258 4
259 8
260 0
261 1
262 8
263 4
264 1
265 1
266 6
267 1
268 11
269 4
270 13
271 2
272 4
273 7
274 2
275 1
276 3
277 13
278 15
279 0
280 0
281 8
282 1
283 2
284 0
285 5
286 8
287 3
288 7
289 2
290 3
291 0
292 0
293 5
294 1
295 0
296 2
297 12
298 1
299 1
300 1
301 8
302 1
303 4
304 1
305 4
306 15
307 1
308 5
309 1
310 4
311 0
312 4
313 4
314 2
315 8
316 5
317 1
318 1
319 1
320 4
321 1
322 1
323 4
324 4
325 1
326 1
327 2
328 1
329 15
330 7
331 1
332 1
333 13
334 2
335 1
336 13
337 1
338 5
339 0
340 2
341 4
342 9
343 5
344 1
345 2
346 1
347 1
348 8
349 1
350 1
351 1
352 2
353 1
354 1
355 4
356 15
357 4
358 0
359 2
360 0
361 1
362 1
363 1
364 0
365 3
366 0
367 9
368 8
369 2
370 6
371 4
372 1
373 4
374 4
375 13
376 1
377 10
378 4
379 8
380 1
381 1
382 1
383 1
384 8
385 4
386 15
387 5
388 1
389 4
390 15
391 1
392 1
393 1
394 1
395 15
396 6
397 4
398 1
399 1
400 8
401 5
402 1
403 1
404 0
405 8
406 1
407 1
408 1
409 5
410 1
411 1
412 1
413 2
414 7
415 8
416 1
417 0
418 2
419 2
420 7
421 5
422 1
423 1
424 2
425 1
426 6
427 1
428 1
429 8
430 1
431 8
432 1
433 2
434 1
435 1
436 1
437 14
438 5
439 2
440 13
441 1
442 15
443 6
444 4
445 2
446 1
447 0
448 1
449 2
450 1
451 12
452 1
453 6
454 14
455 1
456 0
457 15
458 1
459 1
460 4
461 15
462 11
463 4
464 5
465 7
466 8
467 0
468 8
469 1
470 7
471 1
472 1
473 0
474 2
475 4
476 0
477 8
478 1
479 0
480 1
481 15
482 0
483 1
484 1
485 1
486 1
487 8
488 1
489 6
490 7
491 1
492 8
493 2
494 4
495 15
496 2
497 1
498 13
499 8
500 15
501 2
502 15
503 1
504 4
505 8
506 11
507 8
508 1
509 15
510 1
511 3
512 8
513 14
514 1
515 4
516 1
517 8
518 8
519 1
520 1
521 1
522 1
523 1
524 7
525 1
526 8
527 6
528 6
529 1
530 8
531 15
532 1
533 1
534 1
535 1
536 10
537 5
538 8
539 4
540 2
541 6
542 1
543 1
544 1
545 1
546 4
547 1
548 1
549 13
550 8
551 0
552 13
553 2
554 1
555 0
556 5
557 5
558 4
559 1
560 0
561 1
562 1
563 8
564 15
565 6
566 4
567 4
568 2
569 0
570 1
571 8
572 2
573 2
574 1
575 1
576 1
577 5
578 2
579 1
580 1
581 8
582 15
583 1
584 12
585 15
586 12
587 1
588 1
589 8
590 5
591 15
592 8
593 2
594 7
595 2
596 0
597 4
598 8
599 1
600 1
601 1
602 2
603 8
604 4
605 8
606 4
607 2
608 4
609 2
610 1
611 1
612 1
613 5
614 0
615 1
616 0
617 1
618 1
619 1
620 5
621 1
622 1
623 15
624 8
625 1
626 8
627 8
628 1
629 2
630 2
631 8
632 4
633 7
634 1
635 0
636 1
637 7
638 4
639 1
640 8
641 3
642 4
643 0
644 8
645 2
646 1
647 4
648 3
649 6
650 12
651 15
652 4
653 1
654 1
655 1
656 0
657 0
658 8
659 1
660 0
661 4
662 13
663 1
664 1
665 13
666 2
667 5
668 1
669 1
670 1
671 5
672 3
673 4
674 15
675 2
676 15
677 4
678 1
679 5
680 8
681 0
682 13
683 2
684 13
685 13
686 1
687 6
688 1
689 13
690 8
691 4
692 8
693 1
694 15
695 4
696 1
697 4
698 2
699 4
700 1
701 8
702 0
703 4
704 4
705 7
706 8
707 0
708 2
709 4
710 0
711 4
712 2
713 4
714 1
715 8
716 4
717 1
718 13
719 0
720 6
721 4
722 4
723 0
724 0
725 15
726 8
727 8
728 4
729 1
730 4
731 15
732 2
733 2
734 6
735 5
736 6
737 8
738 1
739 13
740 1
741 1
742 1
743 6
744 1
745 1
746 7
747 5
748 4
749 1
750 4
751 1
752 11
753 13
754 6
755 1
756 5
757 1
758 1
759 15
760 1
761 4
762 1
763 1
764 0
765 4
766 1
767 13
768 2
769 0
770 5
771 2
772 1
773 0
774 13
775 8
776 1
777 2
778 4
779 4
780 1
781 7
782 8
783 12
784 1
785 1
786 1
787 2
788 1
789 8
790 15
791 3
792 2
793 6
794 6
795 0
796 1
797 2
798 3
799 0
800 0
801 6
802 4
803 2
804 6
805 1
806 7
807 1
808 0
809 6
810 5
811 1
812 15
813 0
814 1
815 10
816 1
817 1
818 1
819 3
820 8
821 0
822 2
823 4
824 1
825 2
826 1
827 7
828 1
829 15
830 15
831 1
832 0
833 4
834 15
835 1
836 1
837 15
838 1
839 0
840 1
841 2
842 1
843 7
844 6
845 1
846 15
847 2
848 15
849 1
850 15
851 4
852 2
853 1
854 1
855 11
856 0
857 1
858 1
859 1
860 2
861 8
862 1
863 8
864 2
865 4
866 5
867 1
868 1
869 6
870 0
871 8
872 1
873 1
874 0
875 14
876 4
877 1
878 1
879 8
880 2
881 5
882 8
883 15
884 6
885 8
886 1
887 1
888 0
889 4
890 1
891 2
892 15
893 13
894 1
895 2
896 2
897 15
898 1
899 0
900 15
901 1
902 3
903 0
904 1
905 8
906 9
907 8
908 8
909 11
910 1
911 1
912 8
913 8
914 3
915 2
916 8
917 8
918 4
919 1
920 1
921 8
922 1
923 6
924 1
925 4
926 4
927 8
928 1
929 6
930 1
931 1
932 2
933 0
934 2
935 2
936 15
937 15
938 1
939 1
940 11
941 1
942 1
943 1
944 4
945 5
946 2
947 1
948 15
949 6
950 1
951 4
952 2
953 8
954 1
955 1
956 5
957 1
958 6
959 1
960 4
961 5
962 8
963 0
964 1
965 15
966 8
967 5
968 3
969 2
970 4
971 11
972 6
973 1
974 13
975 13
976 1
977 5
978 13
979 1
980 1
981 1
982 7
983 4
984 4
985 1
986 15
987 1
988 4
989 1
990 8
991 1
992 8
993 2
994 2
995 8
996 2
997 1
998 1
999 1
1000 1
1001 2
1002 2
1003 4
1004 8
1005 2
1006 2
1007 5
1008 6
1009 1
1010 0
1011 0
1012 0
1013 1
1014 4
1015 2
1016 1
1017 0
1018 13
1019 6
1020 8
1021 1
1022 2
1023 12
1024 13
1025 15
1026 2
1027 1
1028 1
1029 14
1030 13
1031 1
1032 1
1033 12
1034 1
1035 1
1036 1
1037 2
1038 14
1039 7
1040 1
1041 2
1042 8
1043 1
1044 2
1045 0
1046 1
1047 1
1048 1
1049 6
1050 6
1051 13
1052 0
1053 6
1054 0
1055 1
1056 1
1057 8
1058 1
1059 0
1060 1
1061 4
1062 6
1063 5
1064 1
1065 2
1066 15
1067 4
1068 0
1069 4
1070 1
1071 1
1072 4
1073 4
1074 1
1075 4
1076 3
1077 1
1078 2
1079 15
1080 2
1081 12
1082 15
1083 2
1084 2
1085 1
1086 4
1087 4
1088 1
1089 12
1090 1
1091 3
1092 2
1093 0
1094 1
1095 6
1096 15
1097 3
1098 2
1099 5
1100 7
1101 0
1102 3
1103 8
1104 5
1105 15
1106 8
1107 1
1108 1
1109 8
1110 0
1111 4
1112 9
1113 2
1114 1
1115 1
1116 3
1117 4
1118 1
1119 8
1120 0
1121 0
1122 8
1123 4
1124 5
1125 14
1126 1
1127 2
1128 4
1129 6
1130 1
1131 8
1132 1
1133 15
1134 1
1135 1
1136 2
1137 1
1138 1
1139 2
1140 8
1141 11
1142 2
1143 6
1144 1
1145 4
1146 5
1147 8
1148 11
1149 13
1150 1
1151 1
1152 6
1153 1
1154 7
1155 2
1156 15
1157 11
1158 12
1159 2
1160 0
1161 1
1162 2
1163 1
1164 1
1165 8
1166 9
1167 2
1168 13
1169 1
1170 6
1171 4
1172 8
1173 1
1174 8
1175 1
1176 2
1177 1
1178 5
1179 1
1180 2
1181 1
1182 4
1183 4
1184 1
1185 1
1186 1
1187 7
1188 11
1189 4
1190 1
1191 0
1192 1
1193 15
1194 1
1195 1
1196 6
1197 5
1198 2
1199 2
1200 1
1201 0
1202 4
1203 1
1204 2
1205 1
1206 1
1207 1
1208 1
1209 2
1210 1
1211 2
1212 15
1213 4
1214 1
1215 8
1216 8
1217 8
1218 1
1219 1
1220 2
1221 2
1222 2
1223 2
1224 1
1225 3
1226 1
1227 7
1228 5
1229 4
1230 4
1231 0
1232 5
1233 0
1234 6
1235 1
1236 8
1237 6
1238 2
1239 15
1240 4
1241 0
1242 4
1243 1
1244 8
1245 1
1246 8
1247 1
1248 4
1249 1
1250 1
1251 0
1252 2
1253 8
1254 8
1255 1
1256 4
1257 4
1258 8
1259 1
1260 4
1261 1
1262 8
1263 2
1264 13
1265 5
1266 7
1267 6
1268 2
1269 4
1270 2
1271 1
1272 13
1273 0
1274 0
1275 1
1276 4
1277 4
1278 1
1279 0
1280 1
1281 5
1282 8
1283 1
1284 4
1285 1
1286 5
1287 1
1288 2
1289 8
1290 13
1291 4
1292 1
1293 8
1294 6
1295 0
1296 1
1297 4
1298 2
1299 0
1300 2
1301 2
1302 2
1303 4
1304 2
1305 12
1306 6
1307 4
1308 1
1309 6
1310 1
1311 1
1312 0
1313 8
1314 1
1315 1
1316 12
1317 1
1318 6
1319 6
1320 5
1321 0
1322 2
1323 2
1324 5
1325 12
1326 8
1327 6
1328 1
1329 13
1330 1
1331 15
1332 0
1333 1
1334 15
1335 1
1336 0
1337 13
1338 2
1339 1
1340 1
1341 8
1342 4
1343 0
1344 13
1345 1
1346 1
1347 12
1348 8
1349 1
1350 1
1351 4
1352 0
1353 11
1354 6
1355 0
1356 4
1357 0
1358 1
1359 3
1360 1
1361 7
1362 1
1363 1
1364 8
1365 2
1366 1
1367 1
1368 1
1369 1
1370 4
1371 8
1372 1
1373 4
1374 15
1375 1
1376 1
1377 8
1378 15
1379 4
1380 1
1381 8
1382 4
1383 0
1384 5
1385 5
1386 0
1387 1
1388 6
1389 0
1390 4
1391 1
1392 13
1393 1
1394 15
1395 1
1396 15
1397 11
1398 4
1399 7
1400 7
1401 15
1402 0
1403 4
1404 6
1405 15
1406 8
1407 1
1408 3
1409 15
1410 0
1411 5
1412 15
1413 0
1414 1
1415 0
1416 5
1417 3
1418 7
1419 11
1420 1
1421 8
1422 1
1423 1
1424 5
1425 2
1426 8
1427 1
1428 4
1429 1
1430 1
1431 5
1432 1
1433 4
1434 0
1435 3
1436 2
1437 6
1438 1
1439 7
1440 2
1441 4
1442 1
1443 15
1444 2
1445 1
1446 6
1447 1
1448 4
1449 8
1450 15
1451 6
1452 0
1453 9
1454 1
1455 6
1456 6
1457 5
1458 8
1459 15
1460 8
1461 0
1462 1
1463 1
1464 8
1465 8
1466 8
1467 1
1468 1
1469 15
1470 8
1471 1
1472 5
1473 8
1474 2
1475 8
1476 1
1477 4
1478 0
1479 8
1480 2
1481 4
1482 10
1483 1
1484 2
1485 1
1486 0
1487 1
1488 1
1489 1
1490 2
1491 3
1492 5
1493 3
1494 3
1495 2
1496 13
1497 1
1498 0
1499 8
1500 1
1501 10
1502 3
1503 0
1504 6
1505 1
1506 2
1507 2
1508 8
1509 4
1510 1
1511 1
1512 15
1513 2
1514 1
1515 0
1516 4
1517 5
1518 1
1519 8
1520 1
1521 4
1522 1
1523 1
1524 3
1525 2
1526 11
1527 1
1528 14
1529 8
1530 1
1531 1
1532 3
1533 8
1534 2
1535 4
1536 1
1537 4
1538 0
1539 1
1540 9
1541 1
1542 6
1543 0
1544 7
1545 4
1546 7
1547 13
1548 5
1549 1
1550 4
1551 0
1552 8
1553 15
1554 1
1555 4
1556 1
1557 0
1558 6
1559 15
1560 4
1561 0
1562 6
1563 2
1564 1
1565 15
1566 1
1567 1
1568 8
1569 2
1570 8
1571 6
1572 0
1573 3
1574 2
1575 9
1576 6
1577 1
1578 5
1579 1
1580 1
1581 3
1582 0
1583 13
1584 8
1585 5
1586 6
1587 8
1588 1
1589 0
1590 1
1591 1
1592 2
1593 4
1594 8
1595 4
1596 1
1597 13
1598 4
1599 1
1600 0
1601 4
1602 1
1603 0
1604 2
1605 5
1606 12
1607 0
1608 12
1609 4
1610 7
1611 6
1612 15
1613 1
1614 13
1615 6
1616 1
1617 2
1618 7
1619 8
1620 1
1621 5
1622 0
1623 4
1624 8
1625 1
1626 6
1627 9
1628 1
1629 7
1630 4
1631 4
1632 12
1633 14
1634 1
1635 8
1636 15
1637 12
1638 1
1639 1
1640 1
1641 13
1642 3
1643 4
1644 1
1645 5
1646 4
1647 1
1648 1
1649 2
1650 1
1651 2
1652 5
1653 15
1654 4
1655 2
1656 1
1657 1
1658 6
1659 4
1660 0
1661 1
1662 4
1663 8
1664 2
1665 15
1666 1
1667 4
1668 3
1669 1
1670 1
1671 4
1672 8
1673 1
1674 4
1675 13
1676 8
1677 2
1678 13
1679 9
1680 1
1681 15
1682 1
1683 15
1684 1
1685 6
1686 7
1687 1
1688 4
1689 2
1690 4
1691 2
1692 8
1693 5
1694 1
1695 1
1696 11
1697 1
1698 4
1699 1
1700 1
1701 0
1702 15
1703 4
1704 10
1705 6
1706 8
1707 3
1708 6
1709 0
1710 1
1711 12
1712 6
1713 0
1714 15
1715 4
1716 3
1717 3
1718 7
1719 1
1720 2
1721 7
1722 4
1723 1
1724 2
1725 1
1726 11
1727 1
1728 15
1729 1
1730 13
1731 7
1732 13
1733 1
1734 8
1735 1
1736 1
1737 8
1738 4
1739 0
1740 5
1741 7
1742 12
1743 1
1744 1
1745 1
1746 15
1747 1
1748 7
1749 4
1750 12
1751 8
1752 1
1753 7
1754 7
1755 7
1756 14
1757 13
1758 4
1759 0
1760 8
1761 1
1762 1
1763 6
1764 5
1765 8
1766 8
1767 1
1768 6
1769 0
1770 4
1771 8
1772 1
1773 8
1774 1
1775 8
1776 1
1777 5
1778 8
1779 1
1780 8
1781 0
1782 4
1783 2
1784 3
1785 6
1786 1
1787 5
1788 6
1789 1
1790 5
1791 12
1792 1
1793 1
1794 0
1795 11
1796 1
1797 0
1798 1
1799 0
1800 1
1801 4
1802 1
1803 2
1804 0
1805 12
1806 1
1807 4
1808 1
1809 8
1810 11
1811 1
1812 9
1813 6
1814 2
1815 8
1816 1
1817 7
1818 1
1819 8
1820 13
1821 15
1822 14
1823 1
1824 2
1825 1
1826 8
1827 4
1828 1
1829 13
1830 1
1831 2
1832 6
1833 0
1834 1
1835 1
1836 1
1837 15
1838 0
1839 1
1840 4
1841 0
1842 0
1843 5
1844 1
1845 1
1846 15
1847 13
1848 1
1849 15
1850 0
1851 4
1852 1
1853 3
1854 0
1855 7
1856 0
1857 1
1858 2
1859 0
1860 1
1861 1
1862 0
1863 15
1864 2
1865 3
1866 14
1867 0
1868 1
1869 14
1870 1
1871 3
1872 1
1873 1
1874 14
1875 2
1876 4
1877 1
1878 15
1879 3
1880 2
1881 0
1882 6
1883 1
1884 8
1885 1
1886 3
1887 4
1888 4
1889 6
1890 1
1891 4
1892 14
1893 8
1894 0
1895 2
1896 0
1897 1
1898 2
1899 1
1900 0
1901 1
1902 4
1903 4
1904 4
1905 4
1906 6
1907 6
1908 8
1909 1
1910 4
1911 1
1912 2
1913 1
1914 9
1915 8
1916 9
1917 6
1918 0
1919 3
1920 5
1921 12
1922 1
1923 2
1924 1
1925 8
1926 8
1927 15
1928 5
1929 4
1930 1
1931 1
1932 1
1933 2
1934 0
1935 8
1936 15
1937 15
1938 6
1939 4
1940 4
1941 4
1942 13
1943 14
1944 2
1945 1
1946 7
1947 0
1948 6
1949 1
1950 8
1951 4
1952 0
1953 5
1954 1
1955 8
1956 9
1957 2
1958 1
1959 1
1960 8
1961 15
1962 3
1963 5
1964 8
1965 0
1966 11
1967 8
1968 2
1969 4
1970 0
1971 1
1972 1
1973 6
1974 2
1975 8
1976 1
1977 15
1978 8
1979 2
1980 0
1981 12
1982 1
1983 1
1984 7
1985 7
1986 1
1987 1
1988 4
1989 2
1990 2
1991 7
1992 0
1993 4
1994 1
1995 6
1996 8
1997 8
1998 8
1999 8
2000 8
2001 5
2002 2
2003 1
2004 1
2005 1
2006 6
2007 1
2008 1
2009 4
2010 1
2011 8
2012 1
2013 4
2014 7
2015 4
2016 2
2017 8
2018 8
2019 1
2020 3
2021 1
2022 6
2023 4
2024 8
2025 15
2026 8
2027 15
2028 1
2029 1
2030 13
2031 1
2032 5
2033 8
2034 5
2035 1
2036 1
2037 6
2038 1
2039 8
2040 1
2041 4
2042 2
2043 1
2044 8
2045 2
2046 1
2047 0
2048 1
2049 15
2050 5
2051 8
2052 4
2053 4
2054 1
2055 2
2056 4
2057 4
2058 4
2059 8
2060 13
2061 7
2062 1
2063 14
2064 7
2065 12
2066 1
2067 15
2068 1
2069 10
2070 8
2071 6
2072 13
2073 0
2074 8
2075 8
2076 1
2077 13
2078 1
2079 0
2080 1
2081 15
2082 15
2083 1
2084 0
2085 1
2086 1
2087 4
2088 1
2089 2
2090 13
2091 4
2092 7
2093 2
2094 8
2095 6
2096 5
2097 4
2098 6
2099 3
2100 8
2101 1
2102 13
2103 7
2104 13
2105 4
2106 8
2107 15
2108 1
2109 2
2110 1
2111 1
2112 1
2113 15
2114 8
2115 8
2116 12
2117 5
2118 13
2119 2
2120 2
2121 1
2122 5
2123 8
2124 5
2125 4
2126 6
2127 1
2128 8
2129 11
2130 6
2131 15
2132 1
2133 15
2134 5
2135 1
2136 0
2137 15
2138 5
2139 1
2140 1
2141 15
2142 5
2143 0
2144 14
2145 1
2146 13
2147 1
2148 8
2149 8
2150 4
2151 1
2152 8
2153 6
2154 15
2155 1
2156 0
2157 4
2158 1
2159 15
2160 7
2161 7
2162 3
2163 4
2164 15
2165 1
2166 0
2167 0
2168 4
2169 5
2170 15
2171 2
2172 7
2173 15
2174 8
2175 8
2176 4
2177 2
2178 5
2179 2
2180 5
2181 1
2182 8
2183 0
2184 15
2185 3
2186 1
2187 7
2188 3
2189 15
2190 0
2191 15
2192 7
2193 2
2194 6
2195 1
2196 2
2197 1
2198 0
2199 8
2200 4
2201 5
2202 1
2203 6
2204 4
2205 4
2206 15
2207 4
2208 4
2209 1
2210 1
2211 8
2212 2
2213 2
2214 4
2215 1
2216 4
2217 4
2218 1
2219 0
2220 1
2221 6
2222 6
2223 12
2224 8
2225 4
2226 2
2227 5
2228 0
2229 8
2230 1
2231 4
2232 1
2233 12
2234 1
2235 1
2236 0
2237 11
2238 5
2239 4
2240 5
2241 5
2242 0
2243 1
2244 0
2245 7
2246 3
2247 15
2248 1
2249 1
2250 1
2251 1
2252 1
2253 4
2254 1
2255 2
2256 4
2257 1
2258 4
2259 4
2260 2
2261 5
2262 4
2263 8
2264 4
2265 0
2266 13
2267 8
2268 8
2269 4
2270 1
2271 1
2272 1
2273 1
2274 1
2275 15
2276 4
2277 5
2278 13
2279 4
2280 6
2281 11
2282 5
2283 4
2284 1
2285 8
2286 15
2287 4
2288 8
2289 0
2290 8
2291 1
2292 6
2293 2
2294 6
2295 8
2296 11
2297 1
2298 4
2299 4
2300 3
2301 0
2302 13
2303 8
2304 6
2305 1
2306 1
2307 1
2308 13
2309 7
2310 5
2311 1
2312 15
2313 12
2314 1
2315 1
2316 4
2317 15
2318 2
2319 8
2320 1
2321 2
2322 8
2323 1
2324 5
2325 4
2326 1
2327 4
2328 2
2329 9
2330 0
2331 8
2332 0
2333 6
2334 12
2335 8
2336 1
2337 1
2338 3
2339 1
2340 7
2341 5
2342 1
2343 0
2344 1
2345 8
2346 4
2347 0
2348 3
2349 0
2350 12
2351 8
2352 2
2353 8
2354 5
2355 8
2356 0
2357 8
2358 1
2359 1
2360 4
2361 1
2362 8
2363 6
2364 5
2365 12
2366 8
2367 1
2368 1
2369 11
2370 11
2371 13
2372 6
2373 15
2374 7
2375 1
2376 6
2377 4
2378 8
2379 13
2380 14
2381 1
2382 2
2383 6
2384 1
2385 0
2386 8
2387 10
2388 3
2389 5
2390 8
2391 4
2392 5
2393 8
2394 15
2395 1
2396 4
2397 13
2398 1
2399 1
2400 14
2401 1
2402 7
2403 8
2404 5
2405 0
2406 7
2407 1
2408 3
2409 1
2410 6
2411 6
2412 1
2413 4
2414 5
2415 13
2416 8
2417 15
2418 6
2419 4
2420 10
2421 1
2422 15
2423 8
2424 0
2425 15
2426 4
2427 5
2428 1
2429 2
2430 8
2431 1
2432 1
2433 1
2434 5
2435 1
2436 13
2437 1
2438 2
2439 1
2440 4
2441 4
2442 4
2443 13
2444 4
2445 4
2446 13
2447 5
2448 4
2449 15
2450 2
2451 1
2452 2
2453 1
2454 4
2455 8
2456 1
2457 0
2458 1
2459 4
2460 1
2461 1
2462 4
2463 7
2464 12
2465 7
2466 4
2467 0
2468 1
2469 1
2470 5
2471 8
2472 7
2473 0
2474 4
2475 3
2476 2
2477 0
2478 4
2479 2
2480 0
2481 7
2482 7
2483 1
2484 1
2485 3
2486 0
2487 15
2488 1
2489 15
2490 4
2491 8
2492 8
2493 2
2494 5
2495 4
2496 4
2497 1
2498 6
2499 1
2500 7
2501 7
2502 0
2503 5
2504 1
2505 5
2506 6
2507 1
2508 4
2509 2
2510 8
2511 4
2512 6
2513 4
2514 15
2515 1
2516 1
2517 5
2518 5
2519 1
2520 8
2521 1
2522 4
2523 1
2524 8
2525 8
2526 8
2527 2
2528 6
2529 1
2530 1
2531 6
2532 1
2533 8
2534 1
2535 1
2536 6
2537 8
2538 2
2539 1
2540 6
2541 1
2542 15
2543 15
2544 1
2545 15
2546 0
2547 12
2548 15
2549 2
2550 6
2551 15
2552 6
2553 4
2554 3
2555 8
2556 2
2557 4
2558 1
2559 3
2560 0
2561 1
2562 1
2563 5
2564 1
2565 1
2566 0
2567 13
2568 3
2569 4
2570 2
2571 1
2572 2
2573 1
2574 1
2575 6
2576 1
2577 15
2578 4
2579 2
2580 5
2581 6
2582 5
2583 4
2584 1
2585 1
2586 1
2587 5
2588 2
2589 2
2590 0
2591 11
2592 3
2593 4
2594 15
2595 8
2596 6
2597 4
2598 0
2599 6
2600 12
2601 1
2602 14
2603 8
2604 8
2605 14
2606 4
2607 8
2608 1
2609 0
2610 4
2611 3
2612 4
2613 4
2614 1
2615 1
2616 6
2617 1
2618 4
2619 5
2620 13
2621 3
2622 2
2623 1
2624 12
2625 6
2626 11
2627 0
2628 0
2629 4
2630 2
2631 0
2632 12
2633 9
2634 1
2635 1
2636 1
2637 13
2638 12
2639 1
2640 15
2641 6
2642 3
2643 3
2644 15
2645 1
2646 4
2647 15
2648 6
2649 4
2650 1
2651 5
2652 8
2653 15
2654 13
2655 2
2656 4
2657 0
2658 3
2659 3
2660 4
2661 15
2662 1
2663 2
2664 2
2665 1
2666 5
2667 3
2668 4
2669 4
2670 4
2671 14
2672 15
2673 4
2674 2
2675 0
2676 4
2677 1
2678 1
2679 5
2680 13
2681 8
2682 8
2683 1
2684 6
2685 1
2686 1
2687 3
2688 1
2689 15
2690 8
2691 15
2692 15
2693 4
2694 2
2695 0
2696 3
2697 1
2698 15
2699 9
2700 13
2701 2
2702 7
2703 6
2704 1
2705 0
2706 5
2707 8
2708 2
2709 2
2710 4
2711 9
2712 13
2713 1
2714 5
2715 0
2716 2
2717 7
2718 1
2719 10
2720 0
2721 13
2722 5
2723 1
2724 0
2725 6
2726 0
2727 0
2728 0
2729 14
2730 2
2731 0
2732 1
2733 0
2734 2
2735 7
2736 8
2737 8
2738 6
2739 15
2740 1
2741 2
2742 4
2743 8
2744 8
2745 1
2746 9
2747 8
2748 1
2749 2
2750 8
2751 2
2752 1
2753 1
2754 5
2755 13
2756 11
2757 2
2758 2
2759 0
2760 0
2761 6
2762 1
2763 0
2764 1
2765 15
2766 1
2767 1
2768 12
2769 5
2770 15
2771 1
2772 3
2773 8
2774 8
2775 11
2776 3
2777 1
2778 1
2779 0
2780 11
2781 7
2782 5
2783 4
2784 3
2785 12
2786 2
2787 8
2788 1
2789 1
2790 1
2791 1
2792 6
2793 4
2794 6
2795 0
2796 1
2797 2
2798 5
2799 0
2800 12
2801 4
2802 5
2803 1
2804 11
2805 1
2806 5
2807 8
2808 4
2809 3
2810 8
2811 3
2812 8
2813 1
2814 0
2815 12
2816 1
2817 8
2818 0
2819 6
2820 4
2821 4
2822 1
2823 11
2824 4
2825 1
2826 6
2827 8
2828 15
2829 0
2830 3
2831 0
2832 7
2833 10
2834 5
2835 1
2836 6
2837 2
2838 8
2839 15
2840 0
2841 4
2842 15
2843 1
2844 1
2845 0
2846 4
2847 3
2848 6
2849 4
2850 3
2851 0
2852 15
2853 4
2854 1
2855 2
2856 1
2857 1
2858 8
2859 3
2860 5
2861 4
2862 15
2863 1
2864 8
2865 6
2866 8
2867 7
2868 1
2869 2
2870 0
2871 1
2872 5
2873 12
2874 15
2875 2
2876 15
2877 6
2878 4
2879 1
2880 2
2881 7
2882 0
2883 9
2884 7
2885 8
2886 6
2887 1
2888 7
2889 15
2890 6
2891 4
2892 1
2893 1
2894 8
2895 1
2896 1
2897 11
2898 2
2899 8
2900 7
2901 15
2902 4
2903 8
2904 6
2905 11
2906 4
2907 11
2908 5
2909 1
2910 13
2911 4
2912 13
2913 5
2914 15
2915 6
2916 11
2917 1
2918 5
2919 4
2920 6
2921 4
2922 5
2923 4
2924 2
2925 1
2926 4
2927 5
2928 0
2929 3
2930 8
2931 2
2932 11
2933 1
2934 0
2935 4
2936 4
2937 0
2938 2
2939 15
2940 5
2941 1
2942 1
2943 4
2944 8
2945 13
2946 1
2947 8
2948 1
2949 1
2950 13
2951 3
2952 2
2953 7
2954 14
2955 2
2956 1
2957 1
2958 1
2959 4
2960 1
2961 5
2962 1
2963 2
2964 8
2965 2
2966 13
2967 1
2968 15
2969 2
2970 3
2971 4
2972 1
2973 2
2974 13
2975 2
2976 15
2977 13
2978 15
2979 6
2980 15
2981 8
2982 2
2983 6
2984 1
2985 4
2986 8
2987 2
2988 4
2989 8
2990 7
2991 1
2992 1
2993 2
2994 13
2995 3
2996 3
2997 1
2998 13
2999 15
3000 4
3001 6
3002 1
3003 4
3004 2
3005 4
3006 2
3007 9
3008 8
3009 5
3010 1
3011 1
3012 3
3013 0
3014 5
3015 0
3016 2
3017 8
3018 1
3019 12
3020 1
3021 11
3022 11
3023 8
3024 6
3025 2
3026 7
3027 4
3028 7
3029 14
3030 4
3031 7
3032 6
3033 0
3034 5
3035 2
3036 4
3037 2
3038 6
3039 1
3040 4
3041 1
3042 8
3043 1
3044 4
3045 2
3046 4
3047 1
3048 15
3049 15
3050 4
3051 1
3052 1
3053 5
3054 4
3055 8
3056 13
3057 3
3058 4
3059 10
3060 4
3061 1
3062 6
3063 1
3064 2
3065 11
3066 5
3067 8
3068 1
3069 15
3070 5
3071 6
3072 1
3073 1
3074 1
3075 13
3076 1
3077 4
3078 8
3079 6
3080 9
3081 6
3082 7
3083 1
3084 6
3085 7
3086 13
3087 15
3088 1
3089 2
3090 6
3091 5
3092 15
3093 1
3094 2
3095 15
3096 6
3097 8
3098 6
3099 1
3100 4
3101 3
3102 5
3103 11
3104 6
3105 1
3106 4
3107 4
3108 2
3109 4
3110 6
3111 1
3112 10
3113 8
3114 1
3115 5
3116 1
3117 8
3118 15
3119 8
3120 9
3121 6
3122 1
3123 2
3124 4
3125 5
3126 0
3127 2
3128 4
3129 1
3130 8
3131 1
3132 1
3133 7
3134 8
3135 1
3136 5
3137 12
3138 8
3139 1
3140 0
3141 5
3142 1
3143 2
3144 0
3145 1
3146 8
3147 0
3148 0
3149 0
3150 15
3151 1
3152 1
3153 0
3154 2
3155 6
3156 4
3157 13
3158 1
3159 5
3160 1
3161 15
3162 0
3163 1
3164 0
3165 6
3166 1
3167 6
3168 13
3169 8
3170 1
3171 3
3172 4
3173 8
3174 13
3175 13
3176 1
3177 4
3178 1
3179 1
3180 14
3181 1
3182 4
3183 0
3184 7
3185 14
3186 2
3187 15
3188 0
3189 5
3190 4
3191 7
3192 1
3193 0
3194 13
3195 1
3196 5
3197 8
3198 5
3199 1
3200 7
3201 11
3202 1
3203 4
3204 2
3205 1
3206 9
3207 4
3208 9
3209 2
3210 6
3211 2
3212 8
3213 5
3214 11
3215 1
3216 0
3217 7
3218 2
3219 2
3220 1
3221 3
3222 2
3223 3
3224 6
3225 11
3226 3
3227 5
3228 6
3229 0
3230 1
3231 5
3232 1
3233 1
3234 4
3235 1
3236 1
3237 4
3238 1
3239 2
3240 11
3241 1
3242 14
3243 1
3244 1
3245 5
3246 2
3247 7
3248 1
3249 11
3250 7
3251 4
3252 4
3253 5
3254 1
3255 2
3256 5
3257 6
3258 1
3259 7
3260 2
3261 7
3262 1
3263 2
3264 5
3265 5
3266 4
3267 2
3268 4
3269 4
3270 1
3271 1
3272 7
3273 1
3274 4
3275 1
3276 8
3277 5
3278 5
3279 1
3280 7
3281 3
3282 4
3283 4
3284 1
3285 6
3286 4
3287 8
3288 12
3289 11
3290 1
3291 0
3292 2
3293 5
3294 1
3295 1
3296 1
3297 1
3298 15
3299 1
3300 1
3301 4
3302 8
3303 7
3304 2
3305 5
3306 13
3307 5
3308 7
3309 2
3310 1
3311 4
3312 0
3313 5
3314 6
3315 1
3316 1
3317 11
3318 3
3319 5
3320 0
3321 4
3322 6
3323 1
3324 1
3325 1
3326 3
3327 4
3328 1
3329 8
3330 8
3331 1
3332 1
3333 8
3334 1
3335 4
3336 1
3337 11
3338 14
3339 14
3340 15
3341 5
3342 15
3343 15
3344 5
3345 15
3346 13
3347 4
3348 1
3349 15
3350 6
3351 1
3352 3
3353 1
3354 1
3355 0
3356 5
3357 1
3358 1
3359 2
3360 15
3361 5
3362 4
3363 8
3364 7
3365 5
3366 6
3367 8
3368 6
3369 4
3370 9
3371 6
3372 11
3373 13
3374 1
3375 4
3376 0
3377 14
3378 4
3379 4
3380 4
3381 2
3382 6
3383 9
3384 5
3385 3
3386 4
3387 1
3388 2
3389 1
3390 1
3391 13
3392 15
3393 4
3394 1
3395 2
3396 3
3397 1
3398 3
3399 1
3400 1
3401 8
3402 14
3403 2
3404 4
3405 11
3406 1
3407 2
3408 6
3409 2
3410 4
3411 0
3412 15
3413 7
3414 5
3415 8
3416 7
3417 1
3418 8
3419 1
3420 7
3421 11
3422 11
3423 8
3424 1
3425 1
3426 4
3427 5
3428 1
3429 3
3430 15
3431 1
3432 3
3433 11
3434 2
3435 13
3436 2
3437 1
3438 3
3439 4
3440 8
3441 1
3442 10
3443 1
3444 1
3445 0
3446 1
3447 1
3448 6
3449 8
3450 1
3451 7
3452 9
3453 6
3454 6
3455 1
3456 1
3457 1
3458 8
3459 1
3460 13
3461 6
3462 1
3463 0
3464 12
3465 4
3466 0
3467 2
3468 1
3469 2
3470 1
3471 0
3472 15
3473 8
3474 1
3475 3
3476 10
3477 3
3478 0
3479 1
3480 15
3481 3
3482 6
3483 2
3484 1
3485 5
3486 6
3487 0
3488 4
3489 6
3490 15
3491 1
3492 4
3493 2
3494 15
3495 4
3496 7
3497 8
3498 6
3499 2
3500 0
3501 0
3502 4
3503 1
3504 12
3505 1
3506 6
3507 1
3508 2
3509 3
3510 13
3511 4
3512 14
3513 6
3514 6
3515 1
3516 5
3517 13
3518 4
3519 5
3520 0
3521 3
3522 8
3523 6
3524 4
3525 1
3526 0
3527 1
3528 1
3529 4
3530 13
3531 8
3532 1
3533 7
3534 6
3535 8
3536 8
3537 1
3538 1
3539 5
3540 4
3541 1
3542 1
3543 0
3544 2
3545 3
3546 15
3547 0
3548 1
3549 15
3550 6
3551 8
3552 15
3553 1
3554 6
3555 11
3556 11
3557 5
3558 4
3559 4
3560 1
3561 4
3562 15
3563 13
3564 1
3565 2
3566 15
3567 12
3568 1
3569 4
3570 4
3571 15
3572 8
3573 8
3574 4
3575 5
3576 0
3577 1
3578 15
3579 2
3580 3
3581 7
3582 8
3583 6
3584 4
3585 5
3586 2
3587 2
3588 1
3589 1
3590 4
3591 8
3592 5
3593 3
3594 6
3595 8
3596 1
3597 4
3598 8
3599 14
3600 15
3601 1
3602 15
3603 8
3604 6
3605 8
3606 0
3607 1
3608 2
3609 1
3610 8
3611 1
3612 3
3613 2
3614 6
3615 1
3616 1
3617 13
3618 8
3619 15
3620 13
3621 11
3622 13
3623 5
3624 8
3625 5
3626 1
3627 2
3628 7
3629 13
3630 2
3631 8
3632 3
3633 7
3634 5
3635 0
3636 1
3637 1
3638 5
3639 1
3640 1
3641 0
3642 6
3643 15
3644 3
3645 2
3646 6
3647 8
3648 0
3649 2
3650 4
3651 1
3652 0
3653 4
3654 0
3655 2
3656 5
3657 3
3658 14
3659 2
3660 8
3661 3
3662 1
3663 3
3664 8
3665 1
3666 4
3667 2
3668 2
3669 1
3670 2
3671 0
3672 4
3673 1
3674 6
3675 8
3676 1
3677 10
3678 1
3679 5
3680 0
3681 1
3682 8
3683 4
3684 8
3685 8
3686 1
3687 1
3688 8
3689 4
3690 2
3691 1
3692 15
3693 8
3694 6
3695 4
3696 4
3697 1
3698 1
3699 6
3700 1
3701 2
3702 1
3703 10
3704 1
3705 0
3706 11
3707 1
3708 1
3709 3
3710 14
3711 1
3712 2
3713 1
3714 12
3715 6
3716 6
3717 0
3718 3
3719 8
3720 1
3721 4
3722 1
3723 1
3724 8
3725 1
3726 1
3727 8
3728 1
3729 1
3730 2
3731 5
3732 1
3733 7
3734 5
3735 4
3736 1
3737 7
3738 8
3739 12
3740 1
3741 1
3742 1
3743 1
3744 2
3745 6
3746 6
3747 4
3748 15
3749 1
3750 1
3751 2
3752 1
3753 0
3754 0
3755 4
3756 3
3757 5
3758 13
3759 0
3760 13
3761 1
3762 5
3763 0
3764 6
3765 3
3766 11
3767 4
3768 6
3769 1
3770 2
3771 2
3772 6
3773 11
3774 6
3775 4
3776 1
3777 4
3778 12
3779 6
3780 1
3781 0
3782 2
3783 0
3784 5
3785 3
3786 13
3787 1
3788 8
3789 4
3790 8
3791 0
3792 0
3793 1
3794 5
3795 1
3796 0
3797 2
3798 4
3799 1
3800 0
3801 3
3802 1
3803 4
3804 1
3805 8
3806 7
3807 0
3808 5
3809 4
3810 6
3811 4
3812 0
3813 6
3814 3
3815 1
3816 5
3817 13
3818 1
3819 2
3820 1
3821 7
3822 1
3823 6
3824 2
3825 1
3826 1
3827 8
3828 8
3829 3
3830 8
3831 1
3832 2
3833 0
3834 7
3835 1
3836 8
3837 7
3838 4
3839 2
3840 11
3841 4
3842 3
3843 0
3844 1
3845 6
3846 4
3847 1
3848 1
3849 6
3850 0
3851 1
3852 13
3853 1
3854 8
3855 8
3856 15
3857 1
3858 4
3859 15
3860 4
3861 6
3862 8
3863 0
3864 7
3865 1
3866 4
3867 2
3868 1
3869 8
3870 11
3871 15
3872 6
3873 10
3874 4
3875 13
3876 14
3877 0
3878 3
3879 5
3880 8
3881 7
3882 1
3883 4
3884 1
3885 1
3886 6
3887 3
3888 2
3889 4
3890 6
3891 8
3892 4
3893 4
3894 15
3895 1
3896 4
3897 15
3898 8
3899 5
3900 1
3901 6
3902 13
3903 3
3904 1
3905 0
3906 0
3907 5
3908 5
3909 4
3910 8
3911 5
3912 4
3913 12
3914 15
3915 0
3916 0
3917 0
3918 7
3919 4
3920 1
3921 3
3922 4
3923 7
3924 1
3925 6
3926 4
3927 5
3928 4
3929 13
3930 2
3931 4
3932 4
3933 6
3934 8
3935 4
3936 7
3937 8
3938 6
3939 7
3940 8
3941 15
3942 6
3943 8
3944 4
3945 1
3946 1
3947 13
3948 5
3949 1
3950 5
3951 1
3952 1
3953 1
3954 0
3955 5
3956 1
3957 13
3958 1
3959 1
3960 7
3961 2
3962 1
3963 6
3964 8
3965 4
3966 6
3967 4
3968 1
3969 0
3970 15
3971 5
3972 6
3973 3
3974 13
3975 0
3976 6
3977 4
3978 1
3979 1
3980 1
3981 13
3982 6
3983 2
3984 1
3985 5
3986 0
3987 2
3988 1
3989 1
3990 1
3991 6
3992 8
3993 11
3994 11
3995 14
3996 2
3997 6
3998 5
3999 1
4000 6
4001 8
4002 1
4003 0
4004 1
4005 1
4006 3
4007 6
4008 12
4009 11
4010 1
4011 1
4012 2
4013 1
4014 1
4015 2
4016 5
4017 5
4018 5
4019 2
4020 1
4021 8
4022 5
4023 4
4024 6
4025 2
4026 1
4027 8
4028 6
4029 3
4030 7
4031 13
4032 12
4033 1
4034 4
4035 1
4036 3
4037 0
4038 12
4039 3
4040 6
4041 4
4042 4
4043 3
4044 2
4045 1
4046 0
4047 12
4048 3
4049 8
4050 2
4051 8
4052 8
4053 1
4054 8
4055 11
4056 1
4057 2
4058 15
4059 1
4060 0
4061 15
4062 3
4063 0
4064 1
4065 7
4066 7
4067 5
4068 15
4069 1
4070 14
4071 6
4072 3
4073 12
4074 3
4075 1
4076 1
4077 6
4078 1
4079 5
4080 15
4081 3
4082 2
4083 1
4084 1
4085 3
4086 15
4087 15
4088 2
4089 5
4090 7
4091 4
4092 5
4093 6
4094 1
4095 5
4096 6
4097 1
4098 5
4099 2
4100 5
4101 15
4102 5
4103 15
4104 7
4105 8
4106 8
4107 4
4108 2
4109 1
4110 4
4111 11
4112 5
4113 5
4114 6
4115 4
4116 1
4117 1
4118 15
4119 3
4120 8
4121 7
4122 6
4123 3
4124 2
4125 4
4126 1
4127 4
4128 1
4129 2
4130 8
4131 1
4132 2
4133 4
4134 2
4135 3
4136 13
4137 1
4138 8
4139 2
4140 1
4141 15
4142 1
4143 1
4144 8
4145 0
4146 1
4147 8
4148 7
4149 1
4150 4
4151 3
4152 15
4153 5
4154 0
4155 13
4156 1
4157 13
4158 4
4159 1
4160 15
4161 8
4162 4
4163 7
4164 0
4165 1
4166 4
4167 15
4168 2
4169 8
4170 14
4171 15
4172 6
4173 6
4174 3
4175 4
4176 2
4177 2
4178 5
4179 1
4180 1
4181 6
4182 5
4183 14
4184 5
4185 7
4186 7
4187 5
4188 2
4189 3
4190 1
4191 5
4192 13
4193 1
4194 1
4195 4
4196 7
4197 4
4198 4
4199 1
4200 2
4201 8
4202 4
4203 1
4204 2
4205 5
4206 7
4207 1
4208 7
4209 2
4210 5
4211 8
4212 6
4213 6
4214 1
4215 2
4216 3
4217 14
4218 0
4219 1
4220 2
4221 6
4222 14
4223 8
4224 6
4225 9
4226 1
4227 6
4228 2
4229 3
4230 6
4231 6
4232 4
4233 8
4234 0
4235 1
4236 0
4237 5
4238 8
4239 4
4240 4
4241 14
4242 2
4243 5
4244 4
4245 3
4246 5
4247 1
4248 6
4249 14
4250 1
4251 5
4252 3
4253 14
4254 6
4255 1
4256 11
4257 5
4258 10
4259 6
4260 2
4261 1
4262 8
4263 1
4264 0
4265 2
4266 8
4267 3
4268 6
4269 1
4270 8
4271 3
4272 7
4273 11
4274 4
4275 4
4276 2
4277 6
4278 13
4279 8
4280 7
4281 1
4282 4
4283 6
4284 8
4285 12
4286 7
4287 4
4288 4
4289 11
4290 0
4291 1
4292 6
4293 1
4294 3
4295 9
4296 6
4297 1
4298 15
4299 2
4300 0
4301 0
4302 8
4303 1
4304 6
4305 0
4306 0
4307 0
4308 3
4309 4
4310 0
4311 4
4312 1
4313 0
4314 4
4315 5
4316 4
4317 0
4318 5
4319 4
4320 15
4321 1
4322 8
4323 2
4324 13
4325 13
4326 4
4327 2
4328 15
4329 13
4330 15
4331 7
4332 2
4333 4
4334 8
4335 6
4336 4
4337 8
4338 4
4339 1
4340 13
4341 2
4342 6
4343 1
4344 8
4345 5
4346 6
4347 5
4348 4
4349 2
4350 5
4351 1
4352 1
4353 6
4354 5
4355 1
4356 1
4357 7
4358 14
4359 1
4360 4
4361 3
4362 2
4363 11
4364 8
4365 10
4366 8
4367 1
4368 6
4369 0
4370 1
4371 8
4372 6
4373 8
4374 15
4375 3
4376 6
4377 5
4378 1
4379 4
4380 0
4381 8
4382 2
4383 4
4384 4
4385 4
4386 5
4387 4
4388 5
4389 4
4390 4
4391 15
4392 8
4393 1
4394 3
4395 1
4396 6
4397 1
4398 11
4399 2
4400 15
4401 3
4402 8
4403 8
4404 2
4405 1
4406 2
4407 3
4408 6
4409 1
4410 11
4411 7
4412 0
4413 5
4414 15
4415 2
4416 4
4417 5
4418 6
4419 2
4420 4
4421 2
4422 2
4423 1
4424 1
4425 2
4426 2
4427 4
4428 1
4429 7
4430 13
4431 0
4432 1
4433 6
4434 1
4435 8
4436 8
4437 1
4438 0
4439 1
4440 0
4441 6
4442 13
4443 1
4444 1
4445 1
4446 4
4447 1
4448 4
4449 7
4450 6
4451 8
4452 1
4453 1
4454 8
4455 8
4456 8
4457 1
4458 12
4459 11
4460 5
4461 4
4462 1
4463 0
4464 7
4465 6
4466 12
4467 7
4468 4
4469 1
4470 7
4471 0
4472 8
4473 2
4474 0
4475 1
4476 13
4477 2
4478 10
4479 0
4480 0
4481 0
4482 5
4483 5
4484 7
4485 5
4486 15
4487 1
4488 8
4489 7
4490 4
4491 1
4492 2
4493 7
4494 8
4495 15
4496 1
4497 0
4498 1
4499 0
4500 0
4501 4
4502 1
4503 13
4504 5
4505 6
4506 15
4507 3
4508 2
4509 4
4510 4
4511 1
4512 4
4513 4
4514 0
4515 6
4516 1
4517 2
4518 1
4519 0
4520 6
4521 4
4522 5
4523 0
4524 8
4525 0
4526 3
4527 8
4528 4
4529 3
4530 1
4531 4
4532 6
4533 2
4534 3
4535 1
4536 15
4537 4
4538 1
4539 4
4540 6
4541 0
4542 3
4543 12
4544 4
4545 1
4546 1
4547 3
4548 4
4549 1
4550 13
4551 3
4552 1
4553 0
4554 0
4555 0
4556 1
4557 1
4558 1
4559 6
4560 2
4561 11
4562 4
4563 11
4564 4
4565 8
4566 6
4567 3
4568 5
4569 3
4570 0
4571 2
4572 15
4573 1
4574 3
4575 0
4576 3
4577 7
4578 2
4579 1
4580 11
4581 5
4582 3
4583 3
4584 9
4585 0
4586 5
4587 0
4588 2
4589 13
4590 6
4591 1
4592 4
4593 3
4594 5
4595 6
4596 6
4597 1
4598 6
4599 4
4600 4
4601 5
4602 1
4603 1
4604 8
4605 3
4606 0
4607 2
4608 6
4609 1
4610 0
4611 15
4612 8
4613 2
4614 5
4615 12
4616 5
4617 1
4618 1
4619 8
4620 13
4621 2
4622 12
4623 8
4624 1
4625 6
4626 3
4627 6
4628 4
4629 0
4630 3
4631 11
4632 8
4633 7
4634 5
4635 1
4636 3
4637 8
4638 14
4639 7
4640 8
4641 12
4642 0
4643 0
4644 1
4645 4
4646 0
4647 8
4648 1
4649 7
4650 5
4651 5
4652 0
4653 0
4654 3
4655 2
4656 6
4657 2
4658 7
4659 6
4660 6
4661 5
4662 5
4663 4
4664 0
4665 0
4666 0
4667 2
4668 1
4669 1
4670 8
4671 6
4672 3
4673 1
4674 4
4675 0
4676 5
4677 13
4678 1
4679 11
4680 1
4681 15
4682 6
4683 11
4684 5
4685 1
4686 15
4687 4
4688 8
4689 4
4690 4
4691 5
4692 3
4693 5
4694 1
4695 8
4696 7
4697 8
4698 1
4699 4
4700 1
4701 3
4702 0
4703 1
4704 6
4705 4
4706 1
4707 15
4708 6
4709 7
4710 1
4711 1
4712 1
4713 1
4714 7
4715 13
4716 8
4717 4
4718 4
4719 8
4720 6
4721 1
4722 4
4723 4
4724 6
4725 5
4726 2
4727 1
4728 4
4729 3
4730 5
4731 0
4732 2
4733 2
4734 7
4735 4
4736 1
4737 4
4738 2
4739 1
4740 8
4741 4
4742 8
4743 1
4744 3
4745 2
4746 8
4747 0
4748 3
4749 11
4750 8
4751 1
4752 0
4753 6
4754 2
4755 11
4756 6
4757 7
4758 13
4759 0
4760 1
4761 2
4762 8
4763 1
4764 6
4765 15
4766 0
4767 15
4768 0
4769 4
4770 2
4771 6
4772 8
4773 1
4774 13
4775 6
4776 1
4777 4
4778 6
4779 2
4780 15
4781 4
4782 1
4783 1
4784 1
4785 5
4786 5
4787 2
4788 4
4789 8
4790 7
4791 2
4792 1
4793 1
4794 6
4795 6
4796 6
4797 13
4798 1
4799 0
4800 2
4801 7
4802 8
4803 4
4804 8
4805 4
4806 2
4807 1
4808 2
4809 1
4810 1
4811 8
4812 6
4813 6
4814 3
4815 5
4816 13
4817 1
4818 2
4819 3
4820 8
4821 2
4822 0
4823 5
4824 7
4825 13
4826 8
4827 4
4828 1
4829 2
4830 2
4831 1
4832 1
4833 8
4834 3
4835 8
4836 1
4837 11
4838 8
4839 14
4840 5
4841 6
4842 6
4843 6
4844 2
4845 6
4846 0
4847 2
4848 4
4849 0
4850 2
4851 2
4852 1
4853 1
4854 0
4855 8
4856 8
4857 13
4858 1
4859 5
4860 13
4861 2
4862 15
4863 6
4864 15
4865 5
4866 1
4867 1
4868 7
4869 0
4870 13
4871 2
4872 2
4873 0
4874 1
4875 0
4876 0
4877 8
4878 7
4879 6
4880 7
4881 8
4882 1
4883 1
4884 6
4885 6
4886 14
4887 5
4888 3
4889 5
4890 4
4891 4
4892 2
4893 1
4894 8
4895 13
4896 3
4897 7
4898 8
4899 15
4900 1
4901 1
4902 0
4903 3
4904 3
4905 15
4906 4
4907 6
4908 0
4909 4
4910 1
4911 1
4912 0
4913 7
4914 4
4915 4
4916 2
4917 8
4918 4
4919 1
4920 2
4921 3
4922 4
4923 2
4924 15
4925 4
4926 4
4927 15
4928 1
4929 4
4930 1
4931 11
4932 11
4933 3
4934 2
4935 2
4936 0
4937 0
4938 8
4939 2
4940 1
4941 2
4942 6
4943 0
4944 4
4945 1
4946 5
4947 1
4948 7
4949 0
4950 1
4951 4
4952 1
4953 7
4954 2
4955 1
4956 1
4957 1
4958 2
4959 15
4960 2
4961 8
4962 13
4963 5
4964 2
4965 1
4966 8
4967 5
4968 6
4969 1
4970 5
4971 0
4972 3
4973 4
4974 2
4975 1
4976 1
4977 8
4978 7
4979 2
4980 2
4981 1
4982 5
4983 5
4984 8
4985 6
4986 13
4987 4
4988 14
4989 1
4990 1
4991 5
4992 2
4993 5
4994 1
4995 15
4996 2
4997 6
4998 9
4999 4
5000 7
5001 2
5002 8
5003 1
5004 5
5005 5
5006 1
5007 3
5008 10
5009 15
5010 0
5011 15
5012 7
5013 2
5014 12
5015 7
5016 8
5017 2
5018 6
5019 5
5020 4
5021 6
5022 4
5023 1
5024 0
5025 13
5026 2
5027 1
5028 1
5029 1
5030 14
5031 0
5032 15
5033 5
5034 2
5035 1
5036 2
5037 9
5038 5
5039 1
5040 2
5041 0
5042 1
5043 2
5044 4
5045 6
5046 7
5047 4
5048 1
5049 5
5050 1
5051 0
5052 3
5053 4
5054 2
5055 9
5056 3
5057 1
5058 1
5059 4
5060 1
5061 4
5062 1
5063 8
5064 1
5065 11
5066 6
5067 6
5068 1
5069 1
5070 15
5071 5
5072 2
5073 6
5074 1
5075 1
5076 0
5077 1
5078 1
5079 7
5080 2
5081 8
5082 12
5083 7
5084 8
5085 3
5086 5
5087 5
5088 1
5089 8
5090 15
5091 2
5092 7
5093 0
5094 15
5095 5
5096 2
5097 15
5098 5
5099 15
5100 5
5101 1
5102 5
5103 6
5104 8
5105 2
5106 15
5107 1
5108 5
5109 5
5110 1
5111 2
5112 2
5113 5
5114 8
5115 5
5116 6
5117 2
5118 8
5119 15
5120 3
5121 3
5122 6
5123 6
5124 4
5125 1
5126 8
5127 4
5128 11
5129 5
5130 2
5131 5
5132 6
5133 5
5134 8
5135 1
5136 4
5137 3
5138 12
5139 8
5140 11
5141 5
5142 1
5143 8
5144 2
5145 0
5146 5
5147 4
5148 1
5149 4
5150 1
5151 8
5152 1
5153 13
5154 14
5155 13
5156 4
5157 3
5158 1
5159 2
5160 7
5161 2
5162 5
5163 1
5164 1
5165 6
5166 4
5167 5
5168 0
5169 6
5170 4
5171 15
5172 11
5173 1
5174 1
5175 1
5176 11
5177 2
5178 6
5179 1
5180 2
5181 4
5182 13
5183 1
5184 15
5185 1
5186 4
5187 6
5188 8
5189 8
5190 0
5191 14
5192 12
5193 1
5194 2
5195 1
5196 1
5197 4
5198 2
5199 7
5200 1
5201 4
5202 6
5203 1
5204 1
5205 9
5206 2
5207 4
5208 8
5209 1
5210 8
5211 2
5212 5
5213 7
5214 6
5215 4
5216 1
5217 0
5218 7
5219 6
5220 1
5221 8
5222 4
5223 6
5224 8
5225 0
5226 1
5227 11
5228 5
5229 7
5230 2
5231 2
5232 1
5233 7
5234 4
5235 1
5236 11
5237 8
5238 1
5239 15
5240 11
5241 1
5242 6
5243 2
5244 0
5245 2
5246 4
5247 6
5248 13
5249 11
5250 15
5251 4
5252 15
5253 1
5254 5
5255 3
5256 7
5257 15
5258 13
5259 15
5260 15
5261 4
5262 6
5263 0
5264 1
5265 4
5266 4
5267 2
5268 2
5269 7
5270 4
5271 5
5272 15
5273 3
5274 1
5275 4
5276 7
5277 6
5278 11
5279 8
5280 6
5281 0
5282 5
5283 0
5284 6
5285 8
5286 12
5287 6
5288 15
5289 1
5290 11
5291 2
5292 5
5293 5
5294 2
5295 13
5296 6
5297 5
5298 1
5299 1
5300 8
5301 1
5302 1
5303 6
5304 11
5305 8
5306 7
5307 7
5308 6
5309 3
5310 1
5311 11
5312 15
5313 2
5314 0
5315 1
5316 2
5317 4
5318 6
5319 2
5320 10
5321 15
5322 8
5323 3
5324 15
5325 9
5326 3
5327 5
5328 2
5329 6
5330 4
5331 1
5332 8
5333 1
5334 0
5335 0
5336 13
5337 2
5338 0
5339 0
5340 2
5341 1
5342 12
5343 1
5344 12
5345 3
5346 13
5347 13
5348 3
5349 13
5350 5
5351 2
5352 4
5353 8
5354 3
5355 4
5356 4
5357 0
5358 4
5359 2
5360 2
5361 3
5362 13
5363 11
5364 2
5365 7
5366 11
5367 6
5368 1
5369 3
5370 1
5371 0
5372 9
5373 5
5374 2
5375 3
5376 11
5377 4
5378 6
5379 6
5380 0
5381 4
5382 3
5383 8
5384 3
5385 11
5386 5
5387 11
5388 1
5389 4
5390 1
5391 2
5392 2
5393 13
5394 2
5395 0
5396 6
5397 0
5398 7
5399 15
5400 2
5401 1
5402 6
5403 3
5404 13
5405 4
5406 14
5407 4
5408 1
5409 4
5410 15
5411 2
5412 11
5413 1
5414 8
5415 3
5416 6
5417 1
5418 1
5419 15
5420 7
5421 1
5422 1
5423 15
5424 4
5425 1
5426 3
5427 15
5428 2
5429 1
5430 2
5431 8
5432 3
5433 8
5434 1
5435 1
5436 1
5437 11
5438 0
5439 4
5440 1
5441 1
5442 1
5443 8
5444 3
5445 15
5446 1
5447 4
5448 1
5449 3
5450 8
5451 0
5452 15
5453 5
5454 5
5455 1
5456 2
5457 8
5458 0
5459 5
5460 6
5461 1
5462 11
5463 2
5464 4
5465 6
5466 15
5467 4
5468 5
5469 2
5470 1
5471 8
5472 4
5473 2
5474 3
5475 9
5476 9
5477 8
5478 2
5479 4
5480 2
5481 1
5482 1
5483 4
5484 8
5485 4
5486 2
5487 4
5488 3
5489 6
5490 13
5491 4
5492 2
5493 13
5494 15
5495 4
5496 15
5497 1
5498 7
5499 4
5500 6
5501 4
5502 2
5503 8
5504 0
5505 11
5506 1
5507 1
5508 2
5509 6
5510 1
5511 0
5512 3
5513 3
5514 9
5515 4
5516 4
5517 4
5518 10
5519 13
5520 0
5521 1
5522 4
5523 15
5524 5
5525 6
5526 1
5527 0
5528 13
5529 1
5530 6
5531 6
5532 5
5533 1
5534 8
5535 8
5536 5
5537 11
5538 11
5539 0
5540 13
5541 13
5542 0
5543 11
5544 6
5545 4
5546 5
5547 15
5548 1
5549 4
5550 13
5551 0
5552 11
5553 1
5554 4
5555 5
5556 8
5557 6
5558 11
5559 5
5560 7
5561 3
5562 7
5563 6
5564 3
5565 8
5566 5
5567 13
5568 5
5569 8
5570 15
5571 7
5572 2
5573 5
5574 14
5575 1
5576 6
5577 7
5578 5
5579 1
5580 7
5581 3
5582 6
5583 6
5584 7
5585 1
5586 3
5587 1
5588 2
5589 5
5590 7
5591 13
5592 6
5593 14
5594 1
5595 1
5596 2
5597 1
5598 1
5599 4
5600 4
5601 1
5602 1
5603 5
5604 7
5605 15
5606 7
5607 3
5608 8
5609 4
5610 11
5611 13
5612 2
5613 4
5614 5
5615 15
5616 1
5617 6
5618 7
5619 11
5620 2
5621 8
5622 4
5623 1
5624 1
5625 4
5626 4
5627 2
5628 2
5629 12
5630 12
5631 8
5632 1
5633 5
5634 3
5635 4
5636 1
5637 6
5638 8
5639 3
5640 5
5641 8
5642 0
5643 1
5644 3
5645 13
5646 15
5647 11
5648 13
5649 6
5650 5
5651 2
5652 5
5653 7
5654 5
5655 1
5656 0
5657 2
5658 13
5659 4
5660 4
5661 4
5662 11
5663 6
5664 10
5665 15
5666 6
5667 15
5668 5
5669 2
5670 2
5671 3
5672 5
5673 2
5674 0
5675 7
5676 4
5677 5
5678 7
5679 5
5680 9
5681 1
5682 1
5683 8
5684 1
5685 0
5686 0
5687 0
5688 1
5689 8
5690 1
5691 2
5692 5
5693 11
5694 7
5695 1
5696 2
5697 6
5698 8
5699 14
5700 2
5701 1
5702 11
5703 6
5704 14
5705 6
5706 15
5707 15
5708 2
5709 7
5710 8
5711 4
5712 15
5713 5
5714 8
5715 11
5716 13
5717 6
5718 6
5719 4
5720 4
5721 6
5722 5
5723 15
5724 0
5725 1
5726 0
5727 4
5728 2
5729 0
5730 5
5731 3
5732 1
5733 8
5734 0
5735 8
5736 8
5737 5
5738 4
5739 0
5740 15
5741 6
5742 0
5743 7
5744 1
5745 15
5746 0
5747 11
5748 2
5749 6
5750 1
5751 13
5752 11
5753 6
5754 5
5755 6
5756 6
5757 3
5758 4
5759 6
5760 1
5761 2
5762 5
5763 5
5764 1
5765 0
5766 12
5767 0
5768 12
5769 2
5770 15
5771 8
5772 5
5773 5
5774 1
5775 6
5776 3
5777 7
5778 12
5779 3
5780 8
5781 1
5782 8
5783 0
5784 1
5785 4
5786 7
5787 1
5788 3
5789 15
5790 0
5791 3
5792 11
5793 0
5794 1
5795 6
5796 6
5797 0
5798 5
5799 1
5800 8
5801 1
5802 7
5803 4
5804 0
5805 8
5806 5
5807 0
5808 1
5809 2
5810 1
5811 4
5812 9
5813 3
5814 6
5815 5
5816 4
5817 5
5818 5
5819 4
5820 5
5821 1
5822 4
5823 2
5824 6
5825 4
5826 3
5827 12
5828 15
5829 1
5830 2
5831 1
5832 13
5833 3
5834 1
5835 4
5836 8
5837 2
5838 7
5839 7
5840 0
5841 6
5842 7
5843 1
5844 2
5845 1
5846 5
5847 6
5848 1
5849 6
5850 5
5851 1
5852 8
5853 15
5854 4
5855 2
5856 1
5857 8
5858 5
5859 2
5860 11
5861 6
5862 5
5863 5
5864 4
5865 9
5866 4
5867 3
5868 6
5869 1
5870 5
5871 0
5872 4
5873 15
5874 1
5875 5
5876 7
5877 3
5878 4
5879 3
5880 3
5881 8
5882 0
5883 8
5884 13
5885 4
5886 11
5887 4
5888 0
5889 10
5890 1
5891 5
5892 7
5893 1
5894 6
5895 6
5896 4
5897 4
5898 0
5899 5
5900 0
5901 7
5902 7
5903 4
5904 6
5905 5
5906 7
5907 4
5908 1
5909 8
5910 8
5911 0
5912 15
5913 0
5914 11
5915 6
5916 1
5917 1
5918 15
5919 1
5920 8
5921 6
5922 12
5923 8
5924 1
5925 8
5926 7
5927 4
5928 1
5929 7
5930 7
5931 7
5932 1
5933 1
5934 2
5935 3
5936 8
5937 5
5938 7
5939 5
5940 11
5941 15
5942 1
5943 2
5944 5
5945 15
5946 4
5947 5
5948 12
5949 2
5950 4
5951 6
5952 1
5953 10
5954 2
5955 1
5956 0
5957 5
5958 4
5959 2
5960 4
5961 10
5962 4
5963 5
5964 1
5965 0
5966 4
5967 15
5968 15
5969 6
5970 1
5971 7
5972 3
5973 2
5974 5
5975 4
5976 1
5977 0
5978 4
5979 6
5980 11
5981 15
5982 4
5983 4
5984 1
5985 1
5986 15
5987 13
5988 11
5989 6
5990 15
5991 13
5992 3
5993 1
5994 1
5995 15
5996 6
5997 11
5998 2
5999 3
6000 1
6001 12
6002 4
6003 6
6004 5
6005 0
6006 3
6007 1
6008 13
6009 4
6010 2
6011 5
6012 2
6013 2
6014 4
6015 1
6016 1
6017 11
6018 1
6019 1
6020 4
6021 1
6022 15
6023 5
6024 0
6025 1
6026 15
6027 11
6028 5
6029 4
6030 3
6031 8
6032 7
6033 5
6034 1
6035 3
6036 7
6037 8
6038 6
6039 0
6040 6
6041 5
6042 4
6043 13
6044 6
6045 0
6046 4
6047 2
6048 2
6049 2
6050 15
6051 7
6052 5
6053 6
6054 5
6055 1
6056 5
6057 7
6058 1
6059 2
6060 13
6061 4
6062 1
6063 11
6064 3
6065 2
6066 12
6067 8
6068 6
6069 8
6070 2
6071 7
6072 5
6073 6
6074 4
6075 8
6076 6
6077 5
6078 1
6079 15
6080 8
6081 2
6082 6
6083 3
6084 11
6085 2
6086 1
6087 5
6088 5
6089 5
6090 2
6091 2
6092 6
6093 8
6094 0
6095 0
6096 4
6097 5
6098 6
6099 6
6100 2
6101 0
6102 7
6103 4
6104 1
6105 5
6106 5
6107 15
6108 1
6109 9
6110 2
6111 5
6112 3
6113 11
6114 0
6115 1
6116 4
6117 0
6118 5
6119 1
6120 1
6121 0
6122 6
6123 15
6124 6
6125 0
6126 4
6127 3
6128 13
6129 3
6130 5
6131 3
6132 1
6133 5
6134 2
6135 5
6136 6
6137 15
6138 8
6139 1
6140 5
6141 5
6142 2
6143 5
6144 4
6145 3
6146 4
6147 8
6148 13
6149 6
6150 3
6151 5
6152 6
6153 5
6154 3
6155 4
6156 10
6157 0
6158 15
6159 1
6160 15
6161 7
6162 5
6163 4
6164 6
6165 4
6166 4
6167 1
6168 11
6169 5
6170 4
6171 7
6172 7
6173 5
6174 10
6175 8
6176 7
6177 0
6178 2
6179 2
6180 5
6181 5
6182 4
6183 7
6184 11
6185 0
6186 15
6187 2
6188 4
6189 15
6190 6
6191 0
6192 15
6193 2
6194 3
6195 2
6196 12
6197 1
6198 6
6199 1
6200 12
6201 15
6202 3
6203 6
6204 7
6205 7
6206 3
6207 7
6208 2
6209 5
6210 3
6211 1
6212 5
6213 7
6214 6
6215 4
6216 4
6217 5
6218 3
6219 1
6220 3
6221 7
6222 3
6223 12
6224 4
6225 1
6226 1
6227 0
6228 0
6229 8
6230 1
6231 5
6232 14
6233 3
6234 4
6235 13
6236 5
6237 4
6238 4
6239 1
6240 5
6241 3
6242 4
6243 12
6244 1
6245 5
6246 6
6247 6
6248 6
6249 6
6250 3
6251 7
6252 15
6253 6
6254 4
6255 2
6256 3
6257 1
6258 1
6259 1
6260 1
6261 4
6262 6
6263 0
6264 0
6265 15
6266 13
6267 6
6268 4
6269 6
6270 8
6271 1
6272 1
6273 5
6274 1
6275 4
6276 8
6277 3
6278 2
6279 4
6280 3
6281 0
6282 10
6283 5
6284 8
6285 2
6286 6
6287 0
6288 7
6289 11
6290 6
6291 15
6292 0
6293 6
6294 15
6295 2
6296 1
6297 3
6298 9
6299 4
6300 1
6301 1
6302 1
6303 4
6304 11
6305 2
6306 3
6307 8
6308 6
6309 1
6310 4
6311 5
6312 4
6313 8
6314 5
6315 1
6316 13
6317 1
6318 5
6319 4
6320 1
6321 0
6322 1
6323 1
6324 8
6325 7
6326 4
6327 8
6328 2
6329 15
6330 7
6331 8
6332 8
6333 5
6334 2
6335 5
6336 8
6337 4
6338 1
6339 1
6340 3
6341 1
6342 8
6343 8
6344 1
6345 1
6346 8
6347 13
6348 1
6349 1
6350 2
6351 1
6352 6
6353 7
6354 5
6355 8
6356 5
6357 1
6358 4
6359 1
6360 4
6361 1
6362 5
6363 4
6364 3
6365 14
6366 5
6367 0
6368 4
6369 7
6370 6
6371 5
6372 5
6373 8
6374 5
6375 5
6376 5
6377 1
6378 1
6379 7
6380 8
6381 1
6382 15
6383 4
6384 3
6385 2
6386 4
6387 4
6388 12
6389 1
6390 13
6391 5
6392 5
6393 9
6394 15
6395 4
6396 1
6397 5
6398 6
6399 6
6400 3
6401 2
6402 8
6403 0
6404 12
6405 1
6406 15
6407 3
6408 2
6409 3
6410 5
6411 1
6412 6
6413 4
6414 7
6415 0
6416 4
6417 4
6418 7
6419 4
6420 0
6421 1
6422 9
6423 1
6424 4
6425 1
6426 4
6427 7
6428 9
6429 3
6430 3
6431 7
6432 3
6433 0
6434 1
6435 3
6436 1
6437 8
6438 12
6439 1
6440 1
6441 8
6442 1
6443 7
6444 15
6445 14
6446 1
6447 11
6448 1
6449 0
6450 0
6451 8
6452 1
6453 5
6454 2
6455 6
6456 2
6457 1
6458 5
6459 3
6460 1
6461 15
6462 2
6463 13
6464 0
6465 6
6466 8
6467 8
6468 1
6469 3
6470 1
6471 2
6472 6
6473 7
6474 0
6475 11
6476 13
6477 6
6478 11
6479 4
6480 15
6481 4
6482 15
6483 1
6484 5
6485 1
6486 7
6487 9
6488 1
6489 6
6490 0
6491 3
6492 4
6493 15
6494 5
6495 1
6496 0
6497 1
6498 6
6499 7
6500 4
6501 0
6502 0
6503 7
6504 13
6505 3
6506 7
6507 4
6508 1
6509 0
6510 6
6511 0
6512 8
6513 6
6514 0
6515 5
6516 7
6517 7
6518 11
6519 1
6520 4
6521 4
6522 1
6523 3
6524 15
6525 4
6526 3
6527 8
6528 15
6529 15
6530 15
6531 3
6532 1
6533 8
6534 0
6535 2
6536 2
6537 1
6538 2
6539 4
6540 1
6541 0
6542 6
6543 1
6544 9
6545 2
6546 1
6547 1
6548 0
6549 1
6550 1
6551 9
6552 1
6553 5
6554 11
6555 5
6556 0
6557 4
6558 1
6559 4
6560 15
6561 1
6562 8
6563 3
6564 8
6565 4
6566 2
6567 4
6568 4
6569 12
6570 15
6571 3
6572 15
6573 7
6574 3
6575 2
6576 2
6577 5
6578 7
6579 13
6580 1
6581 4
6582 6
6583 7
6584 3
6585 0
6586 2
6587 8
6588 7
6589 1
6590 4
6591 6
6592 3
6593 6
6594 3
6595 3
6596 6
6597 2
6598 1
6599 4
6600 1
6601 0
6602 2
6603 6
6604 4
6605 12
6606 3
6607 2
6608 1
6609 4
6610 15
6611 6
6612 5
6613 3
6614 1
6615 5
6616 1
6617 4
6618 1
6619 2
6620 7
6621 1
6622 7
6623 3
6624 3
6625 8
6626 4
6627 13
6628 15
6629 4
6630 4
6631 11
6632 7
6633 8
6634 4
6635 5
6636 8
6637 3
6638 5
6639 0
6640 0
6641 6
6642 1
6643 5
6644 4
6645 1
6646 5
6647 3
6648 1
6649 5
6650 1
6651 1
6652 3
6653 4
6654 7
6655 3
6656 6
6657 4
6658 3
6659 0
6660 3
6661 15
6662 6
6663 7
6664 4
6665 2
6666 0
6667 6
6668 8
6669 5
6670 0
6671 5
6672 0
6673 5
6674 4
6675 8
6676 0
6677 6
6678 8
6679 4
6680 3
6681 6
6682 2
6683 6
6684 3
6685 4
6686 3
6687 2
6688 9
6689 6
6690 7
6691 3
6692 4
6693 13
6694 4
6695 2
6696 12
6697 2
6698 5
6699 15
6700 11
6701 14
6702 8
6703 2
6704 2
6705 1
6706 5
6707 1
6708 12
6709 0
6710 6
6711 6
6712 1
6713 0
6714 6
6715 0
6716 8
6717 8
6718 15
6719 3
6720 15
6721 8
6722 8
6723 3
6724 1
6725 7
6726 0
6727 4
6728 1
6729 1
6730 4
6731 1
6732 6
6733 6
6734 11
6735 5
6736 15
6737 1
6738 0
6739 2
6740 2
6741 0
6742 4
6743 7
6744 2
6745 5
6746 6
6747 4
6748 1
6749 8
6750 6
6751 5
6752 0
6753 15
6754 5
6755 13
6756 5
6757 4
6758 6
6759 2
6760 0
6761 4
6762 1
6763 1
6764 6
6765 10
6766 0
6767 4
6768 1
6769 7
6770 0
6771 4
6772 15
6773 0
6774 7
6775 4
6776 1
6777 3
6778 2
6779 7
6780 4
6781 4
6782 5
6783 6
6784 4
6785 7
6786 4
6787 2
6788 4
6789 1
6790 4
6791 3
6792 4
6793 2
6794 4
6795 2
6796 4
6797 0
6798 5
6799 11
6800 4
6801 2
6802 4
6803 0
6804 4
6805 1
6806 4
6807 0
6808 6
6809 7
6810 1
6811 4
6812 6
6813 1
6814 1
6815 4
6816 15
6817 1
6818 1
6819 2
6820 1
6821 11
6822 3
6823 0
6824 11
6825 13
6826 14
6827 12
6828 1
6829 1
6830 1
6831 5
6832 2
6833 7
6834 2
6835 1
6836 1
6837 2
6838 2
6839 1
6840 3
6841 4
6842 3
6843 3
6844 9
6845 1
6846 15
6847 13
6848 4
6849 1
6850 8
6851 15
6852 4
6853 4
6854 1
6855 4
6856 13
6857 0
6858 4
6859 8
6860 1
6861 2
6862 1
6863 1
6864 6
6865 2
6866 6
6867 2
6868 1
6869 4
6870 4
6871 4
6872 2
6873 5
6874 8
6875 15
6876 6
6877 1
6878 6
6879 1
6880 3
6881 0
6882 2
6883 0
6884 1
6885 3
6886 4
6887 15
6888 3
6889 4
6890 8
6891 3
6892 3
6893 1
6894 8
6895 6
6896 11
6897 7
6898 1
6899 15
6900 13
6901 4
6902 1
6903 1
6904 6
6905 4
6906 8
6907 4
6908 15
6909 13
6910 2
6911 4
6912 15
6913 6
6914 5
6915 2
6916 3
6917 0
6918 4
6919 15
6920 1
6921 13
6922 5
6923 6
6924 1
6925 5
6926 4
6927 3
6928 7
6929 8
6930 0
6931 1
6932 4
6933 0
6934 2
6935 7
6936 4
6937 11
6938 0
6939 4
6940 4
6941 13
6942 0
6943 6
6944 5
6945 6
6946 5
6947 13
6948 1
6949 1
6950 1
6951 1
6952 15
6953 5
6954 14
6955 4
6956 3
6957 4
6958 4
6959 1
6960 0
6961 4
6962 13
6963 0
6964 6
6965 0
6966 1
6967 11
6968 0
6969 2
6970 6
6971 8
6972 9
6973 6
6974 0
6975 13
6976 13
6977 1
6978 2
6979 4
6980 6
6981 6
6982 13
6983 0
6984 4
6985 8
6986 6
6987 1
6988 4
6989 1
6990 0
6991 2
6992 6
6993 6
6994 6
6995 8
6996 4
6997 6
6998 6
6999 1
7000 3
7001 6
7002 3
7003 5
7004 2
7005 8
7006 6
7007 3
7008 6
7009 5
7010 1
7011 3
7012 5
7013 1
7014 6
7015 1
7016 14
7017 15
7018 2
7019 2
7020 9
7021 15
7022 7
7023 5
7024 5
7025 0
7026 0
7027 5
7028 6
7029 4
7030 15
7031 6
7032 4
7033 8
7034 1
7035 6
7036 4
7037 2
7038 1
7039 2
7040 4
7041 1
7042 6
7043 4
7044 1
7045 15
7046 2
7047 1
7048 6
7049 8
7050 13
7051 6
7052 8
7053 7
7054 2
7055 0
7056 6
7057 0
7058 3
7059 4
7060 1
7061 6
7062 13
7063 1
7064 2
7065 3
7066 3
7067 6
7068 6
7069 5
7070 4
7071 8
7072 15
7073 4
7074 0
7075 11
7076 1
7077 11
7078 5
7079 0
7080 0
7081 5
7082 6
7083 4
7084 4
7085 15
7086 6
7087 1
7088 13
7089 5
7090 5
7091 0
7092 8
7093 1
7094 0
7095 4
7096 4
7097 1
7098 9
7099 1
7100 0
7101 0
7102 3
7103 13
7104 6
7105 0
7106 5
7107 3
7108 6
7109 6
7110 0
7111 12
7112 4
7113 0
7114 1
7115 6
7116 6
7117 1
7118 6
7119 1
7120 1
7121 4
7122 15
7123 4
7124 1
7125 11
7126 4
7127 11
7128 15
7129 13
7130 1
7131 8
7132 2
7133 2
7134 2
7135 3
7136 6
7137 15
7138 6
7139 3
7140 3
7141 3
7142 11
7143 13
7144 4
7145 6
7146 4
7147 4
7148 4
7149 2
7150 4
7151 2
7152 2
7153 5
7154 1
7155 13
7156 5
7157 13
7158 3
7159 1
7160 4
7161 3
7162 11
7163 15
7164 3
7165 1
7166 0
7167 4
7168 1
7169 3
7170 1
7171 1
7172 6
7173 2
7174 7
7175 0
7176 15
7177 6
7178 13
7179 6
7180 1
7181 8
7182 4
7183 15
7184 4
7185 6
7186 1
7187 15
7188 5
7189 7
7190 6
7191 12
7192 11
7193 1
7194 3
7195 5
7196 1
7197 6
7198 7
7199 4
7200 6
7201 7
7202 1
7203 1
7204 4
7205 4
7206 6
7207 4
7208 0
7209 13
7210 5
7211 3
7212 13
7213 2
7214 1
7215 8
7216 11
7217 4
7218 7
7219 3
7220 14
7221 7
7222 1
7223 9
7224 0
7225 1
7226 0
7227 8
7228 0
7229 2
7230 5
7231 3
7232 15
7233 5
7234 1
7235 15
7236 10
7237 6
7238 15
7239 4
7240 4
7241 7
7242 7
7243 7
7244 1
7245 1
7246 2
7247 4
7248 13
7249 6
7250 2
7251 2
7252 6
7253 0
7254 1
7255 4
7256 6
7257 3
7258 5
7259 8
7260 4
7261 6
7262 2
7263 5
7264 1
7265 15
7266 14
7267 11
7268 1
7269 1
7270 5
7271 5
7272 11
7273 6
7274 0
7275 4
7276 8
7277 6
7278 8
7279 1
7280 8
7281 4
7282 4
7283 2
7284 1
7285 6
7286 4
7287 14
7288 13
7289 6
7290 2
7291 1
7292 1
7293 6
7294 13
7295 0
7296 8
7297 4
7298 2
7299 4
7300 6
7301 2
7302 1
7303 3
7304 3
7305 0
7306 8
7307 6
7308 2
7309 1
7310 2
7311 1
7312 14
7313 1
7314 4
7315 1
7316 6
7317 13
7318 1
7319 2
7320 0
7321 11
7322 6
7323 2
7324 4
7325 15
7326 4
7327 6
7328 8
7329 10
7330 15
7331 8
7332 0
7333 6
7334 4
7335 10
7336 3
7337 4
7338 3
7339 4
7340 0
7341 8
7342 1
7343 7
7344 1
7345 1
7346 15
7347 6
7348 1
7349 10
7350 7
7351 6
7352 3
7353 3
7354 7
7355 4
7356 8
7357 0
7358 6
7359 5
7360 4
7361 6
7362 12
7363 0
7364 1
7365 2
7366 13
7367 8
7368 1
7369 1
7370 4
7371 7
7372 1
7373 2
7374 11
7375 1
7376 2
7377 0
7378 4
7379 5
7380 0
7381 6
7382 1
7383 1
7384 4
7385 7
7386 6
7387 8
7388 7
7389 1
7390 5
7391 1
7392 8
7393 5
7394 8
7395 3
7396 2
7397 1
7398 4
7399 3
7400 1
7401 6
7402 13
7403 2
7404 6
7405 2
7406 9
7407 2
7408 8
7409 2
7410 3
7411 1
7412 3
7413 1
7414 4
7415 15
7416 15
7417 6
7418 8
7419 4
7420 0
7421 0
7422 4
7423 15
7424 4
7425 1
7426 1
7427 4
7428 3
7429 0
7430 6
7431 2
7432 14
7433 1
7434 3
7435 3
7436 3
7437 8
7438 1
7439 6
7440 5
7441 4
7442 1
7443 1
7444 0
7445 1
7446 8
7447 13
7448 3
7449 2
7450 2
7451 4
7452 0
7453 1
7454 5
7455 5
7456 8
7457 6
7458 1
7459 1
7460 8
7461 1
7462 4
7463 1
7464 12
7465 5
7466 4
7467 2
7468 5
7469 0
7470 0
7471 15
7472 1
7473 4
7474 4
7475 1
7476 6
7477 13
7478 7
7479 0
7480 5
7481 15
7482 5
7483 11
7484 2
7485 5
7486 2
7487 1
7488 6
7489 1
7490 15
7491 7
7492 8
7493 1
7494 4
7495 1
7496 6
7497 1
7498 7
7499 1
7500 4
7501 0
7502 5
7503 2
7504 0
7505 4
7506 5
7507 11
7508 1
7509 6
7510 0
7511 1
7512 1
7513 1
7514 5
7515 14
7516 3
7517 1
7518 2
7519 3
7520 3
7521 8
7522 5
7523 5
7524 1
7525 6
7526 1
7527 1
7528 4
7529 4
7530 4
7531 8
7532 0
7533 15
7534 0
7535 4
7536 12
7537 0
7538 1
7539 4
7540 4
7541 6
7542 0
7543 2
7544 6
7545 4
7546 1
7547 1
7548 5
7549 15
7550 3
7551 0
7552 1
7553 11
7554 3
7555 4
7556 6
7557 8
7558 0
7559 2
7560 0
7561 1
7562 2
7563 5
7564 7
7565 5
7566 8
7567 1
7568 0
7569 1
7570 4
7571 1
7572 8
7573 8
7574 7
7575 15
7576 5
7577 0
7578 1
7579 6
7580 4
7581 6
7582 8
7583 13
7584 8
7585 1
7586 4
7587 4
7588 0
7589 1
7590 6
7591 8
7592 0
7593 1
7594 7
7595 4
7596 5
7597 2
7598 1
7599 0
7600 1
7601 0
7602 7
7603 2
7604 6
7605 11
7606 3
7607 5
7608 1
7609 0
7610 1
7611 7
7612 3
7613 1
7614 5
7615 2
7616 7
7617 15
7618 4
7619 2
7620 1
7621 2
7622 5
7623 8
7624 6
7625 0
7626 3
7627 2
7628 6
7629 3
7630 6
7631 6
7632 0
7633 11
7634 0
7635 1
7636 5
7637 5
7638 3
7639 2
7640 4
7641 2
7642 1
7643 8
7644 2
7645 3
7646 12
7647 1
7648 6
7649 6
7650 0
7651 7
7652 5
7653 5
7654 15
7655 11
7656 0
7657 2
7658 3
7659 3
7660 1
7661 1
7662 2
7663 6
7664 1
7665 3
7666 0
7667 2
7668 6
7669 0
7670 2
7671 3
7672 8
7673 6
7674 0
7675 1
7676 1
7677 15
7678 15
7679 3
7680 8
7681 15
7682 13
7683 6
7684 15
7685 1
7686 7
7687 0
7688 3
7689 5
7690 15
7691 8
7692 1
7693 5
7694 1
7695 1
7696 8
7697 1
7698 4
7699 1
7700 2
7701 5
7702 8
7703 12
7704 2
7705 11
7706 1
7707 9
7708 4
7709 7
7710 6
7711 4
7712 4
7713 3
7714 1
7715 2
7716 0
7717 1
7718 5
7719 6
7720 3
7721 2
7722 1
7723 4
7724 1
7725 3
7726 1
7727 2
7728 0
7729 1
7730 1
7731 0
7732 8
7733 0
7734 0
7735 7
7736 2
7737 1
7738 3
7739 1
7740 0
7741 8
7742 13
7743 4
7744 3
7745 1
7746 0
7747 3
7748 14
7749 3
7750 5
7751 3
7752 12
7753 15
7754 4
7755 13
7756 8
7757 4
7758 6
7759 0
7760 6
7761 12
7762 1
7763 5
7764 1
7765 0
7766 11
7767 0
7768 1
7769 11
7770 0
7771 6
7772 4
7773 15
7774 0
7775 3
7776 5
7777 6
7778 4
7779 2
7780 7
7781 6
7782 2
7783 4
7784 1
7785 5
7786 9
7787 15
7788 4
7789 1
7790 15
7791 4
7792 1
7793 10
7794 3
7795 2
7796 5
7797 8
7798 1
7799 4
7800 15
7801 3
7802 1
7803 5
7804 4
7805 5
7806 0
7807 1
7808 0
7809 4
7810 3
7811 1
7812 0
7813 3
7814 3
7815 3
7816 0
7817 5
7818 15
7819 4
7820 4
7821 3
7822 15
7823 6
7824 0
7825 6
7826 4
7827 6
7828 3
7829 8
7830 8
7831 3
7832 1
7833 4
7834 4
7835 11
7836 2
7837 1
7838 13
7839 6
7840 6
7841 13
7842 0
7843 1
7844 1
7845 8
7846 8
7847 4
7848 8
7849 1
7850 7
7851 5
7852 4
7853 1
7854 8
7855 5
7856 1
7857 5
7858 9
7859 15
7860 5
7861 1
7862 3
7863 4
7864 2
7865 15
7866 1
7867 0
7868 9
7869 7
7870 3
7871 1
7872 3
7873 2
7874 5
7875 11
7876 1
7877 11
7878 0
7879 1
7880 6
7881 5
7882 3
7883 1
7884 0
7885 1
7886 7
7887 1
7888 1
7889 1
7890 9
7891 11
7892 7
7893 8
7894 1
7895 8
7896 2
7897 4
7898 5
7899 6
7900 6
7901 15
7902 4
7903 1
7904 15
7905 2
7906 3
7907 0
7908 6
7909 6
7910 5
7911 1
7912 5
7913 1
7914 0
7915 15
7916 1
7917 0
7918 0
7919 0
7920 14
7921 4
7922 4
7923 3
7924 11
7925 1
7926 4
7927 6
7928 13
7929 13
7930 6
7931 15
7932 4
7933 0
7934 4
7935 5
7936 13
7937 4
7938 2
7939 8
7940 2
7941 8
7942 15
7943 6
7944 1
7945 1
7946 13
7947 8
7948 15
7949 4
7950 7
7951 4
7952 4
7953 1
7954 12
7955 1
7956 8
7957 13
7958 6
7959 4
7960 13
7961 8
7962 0
7963 3
7964 4
7965 5
7966 8
7967 6
7968 2
7969 7
7970 4
7971 1
7972 6
7973 1
7974 4
7975 0
7976 1
7977 1
7978 4
7979 0
7980 2
7981 4
7982 4
7983 8
7984 7
7985 2
7986 7
7987 1
7988 0
7989 7
7990 6
7991 3
7992 5
7993 4
7994 3
7995 1
7996 6
7997 6
7998 0
7999 1
8000 1
8001 0
8002 15
8003 1
8004 3
8005 0
8006 6
8007 3
8008 4
8009 8
8010 1
8011 4
8012 3
8013 2
8014 4
8015 5
8016 8
8017 0
8018 1
8019 1
8020 5
8021 5
8022 2
8023 1
8024 8
8025 1
8026 6
8027 7
8028 10
8029 8
8030 7
8031 1
8032 2
8033 6
8034 4
8035 4
8036 1
8037 1
8038 2
8039 0
8040 5
8041 2
8042 1
8043 1
8044 1
8045 4
8046 13
8047 4
8048 8
8049 2
8050 8
8051 8
8052 6
8053 10
8054 1
8055 8
8056 11
8057 4
8058 3
8059 1
8060 4
8061 15
8062 8
8063 4
8064 13
8065 1
8066 8
8067 7
8068 4
8069 0
8070 3
8071 15
8072 12
8073 1
8074 11
8075 13
8076 1
8077 15
8078 1
8079 2
8080 0
8081 1
8082 2
8083 0
8084 13
8085 3
8086 15
8087 4
8088 7
8089 8
8090 0
8091 0
8092 5
8093 15
8094 7
8095 2
8096 0
8097 1
8098 3
8099 0
8100 4
8101 1
8102 0
8103 0
8104 4
8105 4
8106 1
8107 15
8108 1
8109 3
8110 0
8111 1
8112 3
8113 6
8114 6
8115 5
8116 8
8117 6
8118 1
8119 8
8120 6
8121 15
8122 1
8123 3
8124 8
8125 1
8126 0
8127 4
8128 15
8129 8
8130 4
8131 15
8132 1
8133 0
8134 1
8135 0
8136 2
8137 5
8138 6
8139 5
8140 3
8141 8
8142 2
8143 4
8144 4
8145 8
8146 15
8147 8
8148 11
8149 3
8150 1
8151 6
8152 4
8153 6
8154 1
8155 7
8156 5
8157 0
8158 1
8159 3
8160 1
8161 8
8162 3
8163 4
8164 4
8165 15
8166 6
8167 0
8168 1
8169 8
8170 12
8171 1
8172 4
8173 6
8174 8
8175 6
8176 11
8177 2
8178 0
8179 1
8180 6
8181 5
8182 6
8183 5
8184 4
8185 1
8186 6
8187 1
8188 1
8189 1
8190 8
8191 6
8192 0
8193 6
8194 0
8195 2
8196 1
8197 1
8198 15
8199 3
8200 3
8201 6
8202 8
8203 1
8204 7
8205 0
8206 5
8207 12
8208 3
8209 1
8210 9
8211 15
8212 2
8213 15
8214 7
8215 6
8216 7
8217 7
8218 15
8219 0
8220 11
8221 8
8222 4
8223 11
8224 13
8225 1
8226 1
8227 7
8228 2
8229 0
8230 15
8231 1
8232 1
8233 7
8234 15
8235 15
8236 3
8237 1
8238 2
8239 4
8240 4
8241 1
8242 1
8243 7
8244 3
8245 1
8246 1
8247 6
8248 1
8249 8
8250 4
8251 7
8252 0
8253 8
8254 0
8255 6
8256 1
8257 7
8258 3
8259 11
8260 1
8261 6
8262 9
8263 4
8264 4
8265 15
8266 0
8267 1
8268 1
8269 15
8270 1
8271 4
8272 5
8273 2
8274 1
8275 4
8276 15
8277 6
8278 1
8279 2
8280 0
8281 6
8282 6
8283 10
8284 1
8285 1
8286 1
8287 4
8288 1
8289 6
8290 11
8291 1
8292 15
8293 7
8294 2
8295 2
8296 7
8297 4
8298 6
8299 13
8300 6
8301 2
8302 6
8303 4
8304 0
8305 0
8306 8
8307 2
8308 0
8309 6
8310 4
8311 1
8312 5
8313 7
8314 1
8315 2
8316 7
8317 1
8318 0
8319 2
8320 6
8321 11
8322 9
8323 6
8324 2
8325 4
8326 1
8327 13
8328 4
8329 1
8330 1
8331 5
8332 6
8333 4
8334 0
8335 1
8336 8
8337 15
8338 3
8339 2
8340 0
8341 1
8342 3
8343 6
8344 4
8345 15
8346 3
8347 0
8348 0
8349 8
8350 4
8351 1
8352 8
8353 0
8354 5
8355 9
8356 3
8357 7
8358 5
8359 10
8360 13
8361 5
8362 0
8363 1
8364 15
8365 4
8366 1
8367 6
8368 6
8369 9
8370 13
8371 8
8372 6
8373 2
8374 11
8375 5
8376 13
8377 3
8378 2
8379 8
8380 6
8381 6
8382 4
8383 15
8384 6
8385 1
8386 7
8387 1
8388 7
8389 5
8390 5
8391 4
8392 5
8393 1
8394 1
8395 2
8396 8
8397 1
8398 6
8399 15
8400 1
8401 1
8402 4
8403 5
8404 2
8405 6
8406 4
8407 6
8408 5
8409 10
8410 7
8411 2
8412 0
8413 4
8414 1
8415 15
8416 6
8417 6
8418 15
8419 1
8420 1
8421 4
8422 15
8423 1
8424 6
8425 4
8426 5
8427 13
8428 5
8429 1
8430 4
8431 4
8432 2
8433 7
8434 1
8435 7
8436 5
8437 5
8438 5
8439 9
8440 0
8441 6
8442 6
8443 3
8444 1
8445 8
8446 1
8447 1
8448 1
8449 6
8450 6
8451 15
8452 8
8453 6
8454 2
8455 1
8456 2
8457 2
8458 5
8459 4
8460 2
8461 7
8462 6
8463 1
8464 0
8465 4
8466 5
8467 2
8468 5
8469 11
8470 11
8471 4
8472 1
8473 11
8474 1
8475 15
8476 7
8477 1
8478 7
8479 8
8480 2
8481 4
8482 6
8483 1
8484 9
8485 15
8486 1
8487 13
8488 3
8489 1
8490 11
8491 4
8492 1
8493 0
8494 11
8495 6
8496 8
8497 8
8498 4
8499 7
8500 4
8501 15
8502 4
8503 11
8504 6
8505 1
8506 1
8507 1
8508 2
8509 1
8510 5
8511 2
8512 14
8513 15
8514 15
8515 0
8516 11
8517 4
8518 5
8519 15
8520 4
8521 11
8522 1
8523 4
8524 5
8525 15
8526 3
8527 8
8528 2
8529 15
8530 4
8531 4
8532 15
8533 5
8534 11
8535 7
8536 6
8537 2
8538 8
8539 6
8540 2
8541 7
8542 2
8543 7
8544 7
8545 9
8546 6
8547 15
8548 14
8549 6
8550 15
8551 4
8552 15
8553 7
8554 4
8555 6
8556 13
8557 1
8558 9
8559 1
8560 8
8561 6
8562 7
8563 13
8564 6
8565 3
8566 8
8567 5
8568 4
8569 8
8570 1
8571 0
8572 3
8573 0
8574 1
8575 11
8576 13
8577 3
8578 0
8579 8
8580 5
8581 15
8582 6
8583 8
8584 5
8585 8
8586 0
8587 1
8588 4
8589 0
8590 11
8591 10
8592 8
8593 4
8594 6
8595 1
8596 8
8597 9
8598 5
8599 3
8600 5
8601 15
8602 6
8603 8
8604 2
8605 15
8606 10
8607 4
8608 4
8609 1
8610 5
8611 0
8612 7
8613 4
8614 15
8615 1
8616 6
8617 15
8618 5
8619 11
8620 4
8621 1
8622 1
8623 1
8624 1
8625 4
8626 6
8627 11
8628 4
8629 1
8630 3
8631 0
8632 1
8633 3
8634 4
8635 6
8636 6
8637 6
8638 1
8639 6
8640 1
8641 0
8642 13
8643 2
8644 3
8645 6
8646 0
8647 1
8648 3
8649 15
8650 1
8651 7
8652 11
8653 6
8654 8
8655 15
8656 7
8657 6
8658 15
8659 5
8660 8
8661 1
8662 4
8663 13
8664 15
8665 0
8666 2
8667 0
8668 11
8669 1
8670 15
8671 1
8672 6
8673 15
8674 8
8675 8
8676 15
8677 6
8678 0
8679 1
8680 2
8681 15
8682 2
8683 4
8684 8
8685 6
8686 0
8687 1
8688 8
8689 8
8690 1
8691 3
8692 0
8693 4
8694 8
8695 1
8696 5
8697 4
8698 4
8699 3
8700 11
8701 3
8702 13
8703 4
8704 1
8705 8
8706 5
8707 4
8708 1
8709 0
8710 1
8711 1
8712 5
8713 4
8714 2
8715 2
8716 5
8717 13
8718 0
8719 4
8720 4
8721 0
8722 2
8723 15
8724 1
8725 0
8726 5
8727 6
8728 0
8729 5
8730 1
8731 0
8732 8
8733 3
8734 5
8735 5
8736 2
8737 5
8738 4
8739 15
8740 0
8741 8
8742 2
8743 1
8744 9
8745 3
8746 1
8747 3
8748 15
8749 8
8750 2
8751 2
8752 6
8753 5
8754 1
8755 6
8756 6
8757 15
8758 8
8759 3
8760 4
8761 7
8762 12
8763 1
8764 8
8765 1
8766 6
8767 0
8768 2
8769 0
8770 6
8771 11
8772 4
8773 7
8774 1
8775 5
8776 4
8777 12
8778 1
8779 13
8780 0
8781 1
8782 3
8783 1
8784 6
8785 5
8786 13
8787 4
8788 13
8789 6
8790 2
8791 8
8792 5
8793 4
8794 3
8795 4
8796 1
8797 0
8798 15
8799 4
8800 4
8801 8
8802 4
8803 13
8804 3
8805 1
8806 7
8807 9
8808 3
8809 7
8810 11
8811 15
8812 7
8813 1
8814 5
8815 1
8816 13
8817 5
8818 0
8819 1
8820 1
8821 6
8822 8
8823 11
8824 9
8825 4
8826 4
8827 1
8828 4
8829 5
8830 2
8831 8
8832 5
8833 1
8834 4
8835 1
8836 3
8837 1
8838 1
8839 2
8840 7
8841 15
8842 6
8843 1
8844 6
8845 11
8846 1
8847 2
8848 6
8849 1
8850 10
8851 7
8852 6
8853 1
8854 5
8855 1
8856 9
8857 13
8858 8
8859 5
8860 3
8861 13
8862 4
8863 11
8864 6
8865 3
8866 1
8867 8
8868 6
8869 2
8870 13
8871 10
8872 5
8873 1
8874 6
8875 3
8876 7
8877 3
8878 5
8879 11
8880 1
8881 4
8882 4
8883 1
8884 1
8885 15
8886 0
8887 13
8888 3
8889 11
8890 2
8891 1
8892 3
8893 1
8894 0
8895 0
8896 9
8897 8
8898 0
8899 1
8900 6
8901 3
8902 7
8903 2
8904 2
8905 6
8906 2
8907 1
8908 8
8909 4
8910 0
8911 4
8912 5
8913 1
8914 1
8915 12
8916 0
8917 1
8918 3
8919 1
8920 7
8921 3
8922 4
8923 7
8924 1
8925 14